0.9999999999999999 1.0847403066675255e-18 4.815035095840357e-18 -5.551115123125783e-17 4.820304863253746e-18 0.9999999999999999 5.414237352447502e-18 1.1102230246251565e-16 1.6334295437130846e-18 -1.1523994840706612e-17 1.0 0.0 
0.9999558151314997 -8.345376695414707e-05 0.009400043124124529 0.012497248307227038 8.203980380613403e-05 0.9999999852634662 0.00015080764347249635 -0.0011639047386660106 -0.009400055913355326 -0.00015002980993558256 0.999955807247953 0.08718808182933424 
0.9998447591311141 -0.0003262017475723071 0.017616787636169137 0.02397946234971632 0.0003215314285854835 0.9999999124135243 0.0002679405741738951 -0.002225370863706111 -0.017616874137286964 -0.000262234644359275 0.9998447764532258 0.16727973664098927 
0.9996023730586504 -0.00026401950408729035 0.028196205801097524 0.03741404702552781 0.0002510340289868243 0.9999998608065154 0.0004640798808975711 -0.0034774069605656432 -0.02819632542925368 -0.00045681716500578425 0.9996023002158075 0.2612815531933028 
0.9991996170530497 -0.0013987457603729081 0.0399771022088003 0.0524860857430291 0.0013796498487650142 0.9999989206421727 0.0005052605978527897 -0.0038280166962733064 -0.0399777672454604 -0.0004497018469329434 0.9992004683631571 0.35082886673793734 
0.9983746903002865 -0.0025417331619266913 0.05693432350694526 0.07493180880237166 0.002591599174366336 0.9999963201842504 -0.0008020265346008492 0.0007951590749600834 -0.056932077529698914 0.0009482736796563876 0.9983776036537697 0.47248268763960577 
0.9976261714173069 -0.002411171325512242 0.06882011426980236 0.09191979793840982 0.0025437451817116805 0.9999950740686091 -0.001838807785132611 0.0066556044066049536 -0.06881534408348158 0.0020095031926703416 0.9976273906266125 0.5531276636224567 
0.9963125794915645 -0.0005451795831280896 0.08579595796376936 0.11364651981721413 0.0008408717886049226 0.9999938311841637 -0.0034103569835568386 0.014142024582231905 -0.08579357255859928 0.003469924340420573 0.9963068919009684 0.6618771284333795 
0.9942096333788853 0.0019532769482958974 0.10744016534744996 0.1442554527922731 -0.0013619347854270237 0.9999835208319486 -0.005577023927110922 0.020001340799708833 -0.1074492921892716 0.005398403514774088 0.9941959099320973 0.7926258060164262 
0.9914808500224541 0.0028789837338778377 0.130220715744424 0.18027726179276132 -0.0019537581429812266 0.9999719382539772 -0.007232256309035479 0.021482761953308116 -0.13023788779105913 0.006916222715030774 0.9914586522552943 0.9233927083236901 
0.9877288387191339 0.003681936865373037 0.15613514511151744 0.22257677042207852 -0.002373067418311046 0.9999604738552615 -0.008568504918359672 0.023141732214131516 -0.15616052804413155 0.008092838850254391 0.9876985351849268 1.0648089954669895 
0.9821217969199181 0.00537964334444426 0.18816969488761343 0.2808757673706071 -0.0035452864403341007 0.9999428740330351 -0.010083630861127903 0.030466084361747914 -0.18821319867123287 0.009236236642019467 0.9820847647530645 1.2330444340834164 
0.9752988024953416 0.007656642016318255 0.22075692471464012 0.34301783723398566 -0.0051443823745878385 0.9999153281990908 -0.011952897471072716 0.03677215932580269 -0.22082975989009865 0.01052198677435865 0.9752556110171613 1.396201972081291 
0.9666002043896637 0.010741043679313483 0.2560638052405646 0.4159603279783379 -0.007652362193324208 0.9998854911022733 -0.01305549794060558 0.03418751428257771 -0.2561747226204084 0.01065995210541318 0.9665717145774957 1.5694725727147185 
0.9548066058894804 0.011269328801755489 0.29701404719654456 0.512972031587591 -0.008034935807007555 0.9998944090366333 -0.012108285192112368 0.03654457369361419 -0.2971191482277119 0.009174580058060731 0.9547963354542474 1.769597902830141 
0.941588823685965 0.010477804537334802 0.3366016910841105 0.617723256584936 -0.007297737224926632 0.9999160014797778 -0.01071134915851817 0.042938386527320405 -0.3366856606895853 0.007629254210857284 0.9415861960875236 1.95827399929748 
0.9241592130374654 0.009841176336281385 0.3818807336298647 0.74916704289212 -0.006346031821981131 0.9999256682833272 -0.010410848920095899 0.054196647274758036 -0.38195481665360803 0.007197852836512346 0.9241529713479685 2.170487374326066 
0.9052602036267262 0.011218593116294615 0.42470943023992364 0.88464525266995 -0.007402489207399775 0.9999160542077727 -0.010634268911276343 0.05711307753191264 -0.42479309464065657 0.006482871617037384 0.9052672566156886 2.3700596960943185 
0.8832061603371727 0.012213731421562932 0.46882586841109414 1.0351057257416652 -0.008022775513945085 0.9999080207184604 -0.010935499947527709 0.05808656081986974 -0.468916326444652 0.005897014326591826 0.8832229119810804 2.5732649499362963 
0.8556945798349372 0.013649399821516785 0.5173011404901321 1.222443873406947 -0.007836997285403281 0.9998792483043377 -0.013419026603211667 0.057984609727185665 -0.5174218559605582 0.007428498500953306 0.8556982238888355 2.795434548849747 
0.8271445669800349 0.014339807746186282 0.5618062152499564 1.4130169590948576 -0.006815092648739498 0.9998568434930328 -0.015486995634083085 0.05975744186664178 -0.5619478899908561 0.008981220401322971 0.8271238833144814 2.9962488471738835 
0.7946088655072897 0.015902060234985155 0.6069133889363147 1.620271236189491 -0.007301015718074055 0.9998349180269505 -0.016638265170378162 0.060403903268804404 -0.6070778032298814 0.008789826236834932 0.7945937914703916 3.196855401888172 
0.7551400723216689 0.016840916532560278 0.6553471132164598 1.8701575451327437 -0.007723675078681068 0.9998291466547061 -0.016793520974104435 0.05870462544335375 -0.6555179870781931 0.007619769905144749 0.7551411282820326 3.416902296495305 
0.7164715320859266 0.01836177538302621 0.6973746273956001 2.11928520623236 -0.008560503485924938 0.9998096915941954 -0.017529928087933848 0.057386405395155604 -0.697563817099484 0.006589813945575382 0.716492367999448 3.6127538487393025 
0.6699200082175685 0.020442974961503196 0.7421517681927747 2.415545537506286 -0.009576974331448586 0.9997756145951047 -0.01889449738368125 0.05562375228672545 -0.7423715268927386 0.005550230854540503 0.6699654702456638 3.82136355253391 
0.6236646687363282 0.02200894709056016 0.7813820862465571 2.7080648861306513 -0.011313598271281549 0.9997529975866816 -0.019129723357422343 0.052596126290190615 -0.7816101364766508 0.003090287190017462 0.6237596229220468 4.001542173245194 
0.5739295126004279 0.022392126864591088 0.8185984867731745 3.022417336997887 -0.011612172398969126 0.9997481136732373 -0.0192059017991284 0.052678489697001285 -0.8188223837764431 0.0015171248212296515 0.5740449693424615 4.166074992993412 
0.5155235413779222 0.01859376146509073 0.8566736387623853 3.3963680935509815 -0.008392358575785868 0.9998261488944593 -0.01665053469537803 0.053903894806138664 -0.8568343323357429 0.0013942278878952626 0.5155899630786906 4.3254746878528465 
0.458582397936294 0.014668380177386772 0.8885308064218209 3.7567273381667863 -0.0049008231984191 0.9998903012115854 -0.01397739166477733 0.056813547443868795 -0.8886383936805746 0.0020552508772919724 0.4586039796853396 4.452086623485335 
0.398724668815338 0.012858166076765164 0.9169805206407711 4.132673790774568 -0.003383392785547536 0.9999155223955277 -0.012549929482142053 0.05795296238724268 -0.9170644587516145 0.0019014586255683098 0.39873449029906727 4.563985002016446 
0.33100204239991854 0.012818460915734046 0.9435429520742014 4.5693142046828825 -0.0016868604472293934 0.9999141706606193 -0.012992529669449101 0.05347789119902735 -0.9436285469546619 0.0027089258413465884 0.3309952562464637 4.663029287202662 
0.2681559953127427 0.012020626398749403 0.9633004893601357 4.985971976802602 -0.0016675255052275137 0.9999264451596107 -0.012013477412992633 0.043854727538127136 -0.9633740785061454 0.0016151552075519963 0.26815631643321297 4.735824975360735 
0.20599980135211793 0.00957304144935495 0.9785051884204596 5.425206620941671 -0.0032122824832888845 0.9999533743241493 -0.009106613795254204 0.029501403628452216 -0.9785467785416766 -0.0012672767983615103 0.2060209483861821 4.7910021954823465 
0.1401663237467285 0.008482141382990407 0.9900916216281983 5.925787277744575 -0.0030535770965458985 0.9999622527667261 -0.00813441473103279 0.01920184960845639 -0.9901232816829063 -0.0018831523993203356 0.14018693433639848 4.823248622395985 
0.08176160500113366 0.00853147368978421 0.9966153810366627 6.400072968316407 -0.00172966209068448 0.9999630701155303 -0.00841823468398924 0.012539325823042402 -0.9966504323468469 -0.0010355218821687675 0.08177334273296423 4.826579549145795 
0.024193275714545524 0.008977739992098194 0.9996669691548344 6.889928261576987 -0.00021471971809677428 0.9999596992474242 -0.008975176110622308 0.013340424005094609 -0.9997072949828111 2.4881612236609044e-06 0.024194229018694866 4.803427427324876 
-0.03673675815703083 0.009842801359042601 0.9992764850360719 7.447574107054202 0.0014476046434477256 0.9999509679664593 -0.009796230116839682 0.010708765620041305 -0.999323947169747 0.0010866728866145967 -0.03674920475087137 4.75113172031585 
-0.09311503181623054 0.01064061946560334 0.995598479331473 8.02563802681546 0.0034563961159190756 0.9999403211124117 -0.010363762528955654 0.013637725963587477 -0.9956493761822395 0.0024761578386642688 -0.09314625239979357 4.666920978232661 
-0.13555931674333563 0.010581121112078137 0.99071271107037 8.51586106452334 0.0050405904437272175 0.9999373948006163 -0.00998994349515847 0.015999543336154054 -0.9907564281315997 0.003639544192137381 -0.1356041645156099 4.573116559550568 
-0.18254091318068694 0.010748502506665845 0.9831394863565739 9.132212536508 0.008127989926862785 0.9999225697955584 -0.00942285826812224 0.01706005192315596 -0.9831646790235263 0.0062708874942742545 -0.18261414211778082 4.429486789292689 
-0.21897429506094002 0.011541595371433627 0.9756623468963223 9.7088239297407 0.010683477598469566 0.9998984590140422 -0.009430538332404788 0.01408319497898225 -0.9756721561016228 0.008358417932904063 -0.21907536397273322 4.278209257294634 
-0.24956528099671105 0.012358608865399152 0.9682790926760598 10.302548012398468 0.013202080991850012 0.9998690476948627 -0.009359093275268971 0.009044127295082638 -0.968267994859331 0.010447590633750621 -0.24969575860981283 4.106414362720173 
-0.2776052348652793 0.013584751689918429 0.9605991644011075 10.975161369776394 0.017118398606126392 0.9998112140481 -0.009192216201162175 0.01062105892356957 -0.960542725646951 0.013892108060575952 -0.27778537550293697 3.894380018552374 
-0.2923201487103468 0.014234468145273646 0.9562145561716132 11.603750839517325 0.02031857054183643 0.9997559538055912 -0.00867114185407128 0.011587463850487034 -0.9561046594699273 0.016894159106646857 -0.2925380325503623 3.6770451716715895 
-0.3069643395418476 0.014974865567358468 0.9516031813906566 12.23205038598381 0.023507345623608407 0.9996904539794672 -0.00814868949531552 0.01255915578976885 -0.9514306764936128 0.019868303135580658 -0.3072213387104587 3.459880022273185 
-0.32153390433597967 0.01580523137063059 0.9467661329709312 12.860062944863161 0.026684672602527496 0.9996148195122452 -0.007625032182883073 0.013535854601743669 -0.9465220068924437 0.02281243294123778 -0.3218318125954322 3.242889490084642 
-0.32578784859192617 0.016641445304488998 0.9452964125724097 13.629136059341459 0.030264141497153042 0.9995162503809478 -0.007165700858626304 0.015250902171643377 -0.9449584077100526 0.026274080748597564 -0.3261338873219226 2.9651717525966257 
-0.3300331073548129 0.01750882025748906 0.9438069489970767 14.398168091867138 0.033842245139731254 0.9994046877599516 -0.006706182589293392 0.01697507099437834 -0.9433625407443904 0.02972727809125205 -0.3304291718171029 2.6874776159537843 
-0.32915622691227625 0.017375395725587182 0.944115586991288 15.20678885274875 0.03555473763650175 0.9993497423013816 -0.005996130178750313 0.023725262333353148 -0.9436058879316381 0.03159411243067011 -0.3295599676014278 2.3970058890626627 
-0.32709708892009176 0.01677066991692428 0.944841895078585 15.96372784325861 0.03616330948872776 0.9993322689302421 -0.0052184014359655025 0.030488133123560468 -0.944298545134565 0.03246167987184169 -0.3274851583804995 2.1299366118433802 
-0.3255258468492722 0.01581569249494637 0.9454008433022115 16.74205929027938 0.03630813563978843 0.9993317488621657 -0.0042160876999146855 0.041192687395379846 -0.944835792735158 0.03295329039618942 -0.32588255156264817 1.8556193623586386 
-0.3239508602127188 0.015344943203736205 0.9459494386396989 17.540793178675777 0.03662621835507134 0.9993223046313563 -0.0036676958561035443 0.05477940496446765 -0.945364687964244 0.033458391267812415 -0.3242933468777595 1.576041915456269 
-0.32218577282090477 0.01575954813050353 0.9465452614467323 18.440075010341133 0.03789806004268002 0.9992746204263895 -0.003737704560474608 0.06848123558339714 -0.9459175956937823 0.03466798758179611 -0.3225493215657021 1.2623975862304895 
-0.32027053534523986 0.01571045205421089 0.947195826306976 19.278931125528917 0.03763910002241568 0.999283990594548 -0.0038476883223661205 0.07242208407733253 -0.9465781084444299 0.0344192909376814 -0.3206325453275078 0.9814058792096532 
-0.31839825618668277 0.015823490522596875 0.9478249495805992 20.138249388007818 0.03789778626000342 0.999273807895177 -0.003951590841315718 0.0736652768632593 -0.9471992089025981 0.034662281377780824 -0.31876671256980954 0.6975110304639369 
-0.31633246839830736 0.016598522882830542 0.9485031501606861 21.10857844315426 0.03784477626198801 0.9992717851353828 -0.004865466181857716 0.07583821081706521 -0.9478932300023133 0.03435677826736415 -0.31673027719832025 0.378336059766363 
-0.3153084284107477 0.015858616429097656 0.9488567155413126 22.0108207462786 0.037311172077570266 0.9992944317175522 -0.004302974095269586 0.07910167804323442 -0.9482555059509282 0.03404618591833371 -0.31567765977155116 0.08349855512351101 
-0.3144434068387047 0.0143181922582921 0.9491682151356712 22.934594722851504 0.03509561150937415 0.9993780078762166 -0.0034490286909978295 0.0818992235800553 -0.9486272582531566 0.03222710853784781 -0.31475033064941144 -0.2147531410040956 
-0.314195108937162 0.014480022400930501 0.9492479812052945 23.970657856331425 0.0350652909610927 0.999378400929294 -0.003638337298406594 0.08638124239960332 -0.9487106471666911 0.03214250281515888 -0.3145075511681202 -0.5530619573074345 
-0.3140863589535395 0.01468916112952608 0.9492807566848157 24.933806119170544 0.03394677721324842 0.9994146776954509 -0.00423304610517466 0.09175414097725276 -0.9487873358059326 0.030895474408141974 -0.3144011663023909 -0.8673872413761804 
-0.31439211150891816 0.01544218800372786 0.9491675860464478 25.915144814647174 0.03343838720060031 0.9994273358556325 -0.005184105989109937 0.09837933315014125 -0.9487041201662997 0.030108785409536248 -0.31472843170114173 -1.1895606667757221 
-0.3145490446569169 0.017200563207686252 0.9490853525764849 27.01602371828673 0.03425993845947294 0.9993901091551158 -0.006757714395177633 0.10464294889734505 -0.9486227850227961 0.030389967310786848 -0.3149464937315629 -1.553682191437602 
-0.31502660438330166 0.018455268442953802 0.9489033717642708 28.03770604114101 0.035067538555515726 0.9993545492352716 -0.007794423727131792 0.10895315988164811 -0.948434783951762 0.03082024883231737 -0.3154704504788038 -1.8916781139390424 
-0.3151989157062955 0.019162887586091727 0.9488321214128369 29.07906730769479 0.03612828599414544 0.9993136759315433 -0.008180736146355378 0.1133465268005418 -0.94833771602438 0.03170111307673377 -0.3156749088079835 -2.2368230765399977 
-0.3154071385637683 0.019609899107394416 0.9487537911122748 30.24832016301084 0.03745136973801107 0.9992647790553443 -0.00820345430368377 0.11908068977704456 -0.9482171507634136 0.03294469482784751 -0.3159096616322816 -2.6272135545998903 
-0.3153560052165569 0.019670865845067317 0.9487695264705118 31.33118333796999 0.037998900363767046 0.9992450560416688 -0.008087148730848545 0.12334748417846642 -0.9482123742631733 0.0335018615781598 -0.31586539979793166 -2.9877813904604 
-0.3145518801510046 0.01861984024645041 0.9490576292189892 32.54567176885699 0.039325935306688674 0.9992048392190188 -0.0065696682051515805 0.12911965900179467 -0.9484253363855736 0.0352560710320119 -0.31503400288606603 -3.3919105329152632 
-0.3139674121014786 0.017718127413701955 0.9492684022062235 33.66553313958177 0.04081663710724461 0.999153385434989 -0.0051492698030765624 0.1340017459654429 -0.9485560075687376 0.03712923434945683 -0.31442479651504546 -3.7637926489789373 
-0.3129224946267953 0.016636274919136017 0.9496329364671526 34.913309200062464 0.04125079833892233 0.9991411706363956 -0.003910658806338798 0.1400978603437414 -0.9488824570208406 0.03794937692709764 -0.3133400066421523 -4.175791062134209 
-0.31193829264372636 0.015153064267985558 0.9499815016730525 36.05909842951006 0.042039446189571804 0.9991136759592439 -0.0021325956726245257 0.14276303269120183 -0.9491718600052755 0.03927145109299049 -0.31229884008586134 -4.5487693940385805 
-0.31063154573640234 0.013431651678546888 0.9504354795568064 37.21750340758815 0.041827287630975325 0.9991247552870903 -0.00044929535426319175 0.13321430308102067 -0.9496096851382688 0.039614565951914184 -0.3109214760962893 -4.907411013841115 
-0.3092224899910362 0.012324027878549566 0.9509098470765965 38.38477262342032 0.04161787077461924 0.9991334303517047 0.0005845222403660119 0.1299106178566679 -0.9500786482443951 0.039755583622888016 -0.30946742638577723 -5.2726476571067105 
-0.30822134863168354 0.011748935113074541 0.9512420985205077 39.32558883519972 0.041305812450846593 0.9991460062812967 0.001043295154713309 0.12695789867738405 -0.9504175205969907 0.03961338663790243 -0.30844342826546317 -5.564778853313916 
-0.30671886681181176 0.011295502944212894 0.9517331115123346 40.86845713682347 0.041167986736983964 0.9991512457117424 0.0014090894762012638 0.1284011558610797 -0.9509094420569081 0.03961312351917837 -0.3069235503925781 -6.047109229339763 
-0.3055732947234564 0.011144569295116832 0.9521033175531557 42.06619854415707 0.04034384881858004 0.999185070726092 0.001252500924608935 0.13221331488162058 -0.9513134966000535 0.03879423630978133 -0.3057738883376202 -6.422339056941574 
-0.3042948383804138 0.011240157996199642 0.9525115628287842 43.396160428044055 0.04003941090510838 0.9991976009545545 0.0010001368387428584 0.13601958738327868 -0.9517360612757355 0.03844233154538358 -0.30450072121551514 -6.836592367472328 
-0.30319126292406323 0.010141463604594572 0.9528757400214817 44.61438662014974 0.039381347333462983 0.9992224555750642 0.0018958370610322216 0.14066350923669158 -0.9521156447662239 0.038100324965724956 -0.3033549021665298 -7.215083612713826 
-0.3020154539845337 0.009498293201709744 0.953255692391047 45.840077658338075 0.03852339914235555 0.999255168708707 0.0022485449447358897 0.1438425855585742 -0.9525243549269874 0.03740173817316725 -0.3021564093817529 -7.593266322949172 
-0.30075660091596274 0.009098659016035423 0.9536575111003455 47.196090306941095 0.037465713232241946 0.9992953093624581 0.002281540580882829 0.14959300687684685 -0.9529647531831898 0.03641564066243602 -0.30088554772187825 -8.011905531534406 
-0.3000851897782134 0.008499410698439782 0.9538745231681887 48.43669657955645 0.0366022151496835 0.9993265049623861 0.0026105020501227356 0.15732836939354022 -0.9532099402542858 0.035697287047206504 -0.3001941805680942 -8.395848703647104 
-0.3001549330671893 0.0065284054625596305 0.953868105736717 49.68407518067551 0.034539735548833876 0.9993952055768875 0.004028659962629621 0.1652859105337693 -0.9532649454795573 0.03415556797931096 -0.30019888985257154 -8.780992921581293 
-0.3010811243699053 0.004593219975127884 0.9535874506143681 51.06220566086994 0.03278563879597157 0.9994470665137022 0.005537459989581634 0.1750298313885269 -0.953034779983289 0.03293119223374566 -0.3010652376018062 -9.207210269170712 
-0.3023396690421117 0.004193913826012313 0.9531910106219463 52.31873297751612 0.03240284226594759 0.999457592177225 0.005880270761731808 0.18518544847257778 -0.952649365573377 0.032663930951842765 -0.3023115717854951 -9.599419423483372 
-0.30336586426219037 0.004846122133065077 0.9528618129834877 53.579559967253566 0.03206033988709452 0.9994728009318867 0.0051239759562705005 0.1977554922415643 -0.9523346682614443 0.03210350691884814 -0.3033612978010163 -9.996444440788288 
-0.3046271587707221 0.005378067975846385 0.9524564754845916 54.962511214313906 0.03143918627184836 0.9994959307380942 0.004411612019450636 0.21271805236878327 -0.9519526800420696 0.03128834741313872 -0.3046426870817937 -10.451611718730526 
-0.30569415562338126 0.0049965744987880084 0.952116633955496 56.22735501048133 0.0320309704847353 0.9994741745514474 0.005039013782118095 0.22583321123051042 -0.9515908435158226 0.032037610808059856 -0.3056934584046774 -10.869899185187212 
-0.30646315181978434 0.003890865262518638 0.9518745531626335 57.497459888657616 0.03253119716343875 0.9994503043527144 0.006388323313836401 0.2390655646236205 -0.9513264902709628 0.032923398304783184 -0.30642126428178085 -11.293784166418398 
-0.3069021492599578 0.003656848633527656 0.9517340308419666 58.904697627760996 0.033671388729971816 0.9994083187726805 0.007017855909493158 0.25315719433540035 -0.9511452789479029 0.034199995279329994 -0.3068436916092557 -11.756926917661083 
-0.30738549972490115 0.0039317327959456074 0.9515769350249154 60.1871576624751 0.03446916718440904 0.9993812103459274 0.007005232766352986 0.26901073473419734 -0.9509606008524609 0.034953365048515005 -0.3073308157308762 -12.183926554178132 
-0.30766433544108746 0.0040078721739777255 0.9514865006397732 61.47759100545342 0.03487630565629295 0.999366644808386 0.0070677379461810035 0.2850945545807319 -0.9508555796230735 0.03535881848801767 -0.307609253829973 -12.608711402337356 
-0.3076502107954997 0.004404498784299429 0.9514893144055877 62.8459498410009 0.03528657349109317 0.9993542137736332 0.006783326744873697 0.2723186378944044 -0.9508450130446632 0.03566168305273251 -0.30760695361497037 -13.060743799128467 
-0.30763581228243014 0.004801115915292861 0.9514920512153048 64.21430903749382 0.03569683989490747 0.9993415332561498 0.006498916412002208 0.2595428956410523 -0.9508343577775522 0.03596455233931608 -0.30760462841512437 -13.512776170878688 
-0.30752600320055234 0.0041234584144191145 0.9515307255597207 65.52642084642822 0.035551231743567765 0.9993422118952011 0.007159177903401585 0.25466094781361126 -0.9508753338820991 0.036029716190979465 -0.3074703096974814 -13.941838852132037 
-0.3074861322362072 0.0031486824943500833 0.9515473354072457 66.97599956519136 0.035783220396358 0.999325469841604 0.00825632192204066 0.2510017732549452 -0.9508795259821095 0.03658812593906391 -0.3073913929843972 -14.419130221250082 
-0.3073004021152176 0.002465133004556003 0.9516093490588334 68.5008444773757 0.03587416504024714 0.9993158241196085 0.008996017860135357 0.2546383295360033 -0.9509361390013876 0.03690266413571165 -0.3071785885982498 -14.918129664796428 
-0.30711478786315644 0.0017814604744059049 0.9516707942921988 70.02568925487482 0.03596511172130506 0.999305622469906 0.00973570913352546 0.25827527451922716 -0.9509926661840841 0.03721692003533588 -0.3069656040981604 -15.417128714856624 
-0.3071384855295145 0.0024315541972443474 0.9516617074802798 71.09148405533006 0.036860972501134945 0.9992767247319978 0.009343260799370071 0.2654898626973223 -0.9509507099437008 0.03794884426952158 -0.3070059687294657 -15.763547087363953 
-0.30689412547574046 0.0032024906195008713 0.9517382555242323 72.42713954170318 0.03777233122061767 0.9992474677581238 0.008817573045420175 0.2724598118463956 -0.9509938380907347 0.03865542717857091 -0.3067841427059525 -16.200617894286577 
-0.3067506969990335 0.003755587517463261 0.9517824713001894 73.76624638513864 0.03886035957794707 0.9992078006443089 0.008581609650302139 0.28323862919416326 -0.9509962753356076 0.03961901689298847 -0.3066536321940293 -16.638224882710286 
-0.30632558619833683 0.0036988594658497625 0.9519195979128925 75.24245620830291 0.040283490383668324 0.9991470265357716 0.009080761629462149 0.2938231602372078 -0.9510740817754352 0.04112830650121014 -0.30621330098980737 -17.12081699691264 
-0.30611334793291967 0.0026588614864935032 0.9519913423358555 76.58719292738859 0.04138496521707169 0.99908792346349 0.010516954417193341 0.30481394126325734 -0.9510951247220069 0.0426175014484991 -0.3059441854390582 -17.557612375583567 
-0.3058194935228472 0.0014257575391762123 0.9520884264617908 77.93341882081594 0.042197368800789475 0.9990365281008753 0.012058113095894146 0.31673656429695746 -0.9511539585480747 0.043863225091096913 -0.30558500766942426 -17.993602700612005 
-0.3055830788155668 0.0011195605713347427 0.9521647419047833 79.41495742290309 0.04296093275252848 0.9989971321252413 0.012613040190331286 0.3308899316836056 -0.9511957598865792 0.04476020958672741 -0.3053247161472555 -18.472726833949498 
-0.3053526721786004 0.0016223452632995587 0.9522379328633241 80.81088318341136 0.0438114735820355 0.9989635162942888 0.012347000878287334 0.36301253936390776 -0.95123095713825 0.04548912915335163 -0.30510725586418 -18.919419234632336 
-0.30512161332114274 0.002124771461464241 0.9523110067718212 82.20680964691553 0.044661989384062135 0.9989291053367584 0.012080967083102086 0.3951357114442953 -0.9512655471767829 0.04621826056042287 -0.3048897561524562 -19.36611158189871 
-0.30488990266559635 0.0026268383420789995 0.9523839636169221 83.60273680500507 0.045512479361152026 0.9988938992749115 0.011814938824772817 0.4272594478400544 -0.9512995295630664 0.04694760327150512 -0.30467221706727754 -19.8128038750784 
-0.3049019785345852 0.0022337560138302637 0.9523811007169088 84.95598414303754 0.046138370446453074 0.9988577420622008 0.01242829329119894 0.4599555965011746 -0.9512655085397531 0.04773071539077812 -0.3046567631100963 -20.24333993919396 
-0.30563743502054996 0.0014172571269797463 0.9521468988017501 86.30821926847419 0.046536569705785916 0.9988260147707289 0.013451412078277958 0.4864776245949252 -0.9510100627555226 0.04842089767801533 -0.3053445748898136 -20.674317710721674 
-0.306715520299071 0.0010896619563991353 0.9518005933341481 87.79307913729629 0.04696886898213271 0.9987983510435365 0.013992137036970899 0.5202293640930153 -0.9506416508887388 0.04899659495855894 -0.3063981355224698 -21.15260460928956 
-0.30781618219541806 0.0011020643468752716 0.951445190583622 89.14101521588562 0.04805012267256198 0.9987412856905498 0.014388557618165123 0.5471462214219798 -0.9502317702169429 0.050146080868233876 -0.3074816833082061 -21.58847661101398 
-0.3087909462022839 0.0010233424935419083 0.9511293663787583 90.6230889267385 0.04907079107698274 0.9986848038601066 0.01485667007621593 0.5777562926033335 -0.9498632756550516 0.05126026737946036 -0.30843504118671283 -22.06904137817443 
-0.3095892879899527 0.0014228896550046327 0.9508692946135437 91.9681622725435 0.05041860510037726 0.9986167042387679 0.014921224692370599 0.602823782512194 -0.9495327642862892 0.052560946392058425 -0.30923277397127413 -22.506873444644384 
-0.31016097292467076 0.002179103681154476 0.9506815395730703 93.31116271993987 0.051620074067818184 0.9985607645560126 0.014552255408339307 0.6290913490110672 -0.9492816085138103 0.05358778466301644 -0.3098270631722866 -22.94696340870439 
-0.3106270669682811 0.003222828240551128 0.9505263836193574 94.7871743138299 0.05326708992743913 0.9984818486062189 0.014021977841354219 0.6585490391387883 -0.9490381846081303 0.054987371524819396 -0.31032715815539635 -23.433505046963752 
-0.31084090019708355 0.003869221846299729 0.9504540658032313 96.12850388253456 0.05479731005251399 0.9984013451783396 0.013856749892834768 0.682265129637919 -0.9488810373482758 0.0563895619050845 -0.310555995262673 -23.87456228896461 
-0.3110467590310152 0.00406341101532135 0.9503859056753605 97.46946868538727 0.056286806072553416 0.9983143169461014 0.014153474370520754 0.7068227279076965 -0.948726379225621 0.05789657048663704 -0.31075114862862485 -24.316291732759115 
-0.3108759696345625 0.004359900545317498 0.9504404716158636 98.94365826528531 0.05786113794147885 0.9982215524288122 0.014346491308182914 0.7300967648887945 -0.9486876481364129 0.05945353743912352 -0.31057536124887647 -24.80017900111425 
-0.31086349807729724 0.004544187674405091 0.9504436875665466 100.28264253717094 0.05921854107808631 0.9981383208126275 0.014596498892807327 0.7552163490612253 -0.948607971441785 0.060821397913029616 -0.3105538695579908 -25.24381308268513 
-0.3107520422928476 0.004656300550715906 0.9504795917781076 101.62070355294635 0.06067320605868759 0.9980457608587603 0.014947313988282841 0.779086718107826 -0.9485525625019842 0.06231354295725475 -0.31042727059218983 -25.68543730243649 
-0.31039981910258774 0.004974569775395103 0.9505930639649344 103.09162066028354 0.06156157417821694 0.9979923753995759 0.014879252228575918 0.8048200938122532 -0.9486106463975992 0.0631385130081194 -0.3100828945568793 -26.17016139434124 
-0.31020979282513667 0.005263186432939859 0.9506535386776428 104.42873214362331 0.062264068127151274 0.9979500835972482 0.014792477916287641 0.8269519606958813 -0.9486269571564203 0.06378031852118864 -0.3099015955020569 -26.608737512247696 
-0.310069710988484 0.00514896839725696 0.9506998631247624 105.76102614597183 0.06274846799383474 0.9979157316788011 0.015060650029884385 0.8433961787092135 -0.9486408370351938 0.06432480158645143 -0.30974653181209144 -27.051074493551543 
-0.30995149479822326 0.006108779088273629 0.9507327284669324 107.21274148760406 0.06332512382836931 0.997891452177806 0.014233036251117633 0.8493076229929484 -0.9486411508969497 0.06461680883757473 -0.30968478586208675 -27.552520935924594 
-0.30962150998928684 0.007157502770638704 0.9508329285330482 108.53513904749337 0.06371908237911661 0.9978800796207357 0.013237303423288483 0.8592240223175349 -0.9487225267257 0.06468474578654522 -0.30942120597011696 -28.00324160977911 
-0.3095240219883444 0.008060841643260847 0.9508574393227409 109.85424293488511 0.0644495353831613 0.9978424199659105 0.012520514626567843 0.8673082783245003 -0.9487049967397818 0.06515771038111703 -0.30937571605828873 -28.457593426307714 
-0.30932996526075995 0.008820974755446393 0.9509138395564943 111.31020359646884 0.06577229809138047 0.9977608058515439 0.012140021549963437 0.8786720468358407 -0.9486775063525981 0.0662990509848566 -0.30921749061496195 -28.949079755211628 
-0.30920485622366056 0.008918481891142818 0.9509536186529537 112.63063559634085 0.0666057741253532 0.9977035529073633 0.012300097706535345 0.8873640541001961 -0.9486601401035301 0.06714224179998532 -0.3090888054422799 -29.39876304040448 
-0.3089648607390263 0.008868524570214545 0.9510320874480671 113.95318209499958 0.06726811332586818 0.9976559987625472 0.012550303366458142 0.9008301018968733 -0.9486915987057002 0.06785172681480037 -0.3088372150602966 -29.846302564274353 
-0.3087733859844049 0.008645303233191822 0.9510963263999894 115.40680842810164 0.06794569502968699 0.9976044458146556 0.012990507620348434 0.9162786805123878 -0.9487056510567192 0.0686340137191704 -0.30862111316556573 -30.339142514538004 
-0.3087483813465468 0.008787943169518607 0.9511031365322292 116.5982161814345 0.06906577480487833 0.9975247321883568 0.013203352726772971 0.9335947459682452 -0.9486329055533155 0.0697651784553928 -0.3085910919417094 -30.742210434675673 
-0.30875551084496206 0.009146644302094869 0.95109744015551 118.0582298911247 0.07032745653472783 0.9974361136462164 0.013238171512928191 0.961992584348759 -0.9485378838686827 0.07097561178125815 -0.308607156455248 -31.235403614349757 
-0.3093059742940044 0.00954049020689424 0.9509146967910508 119.5189105336902 0.072000535520046 0.9973143915799708 0.013413739627711172 0.994663842170715 -0.9482329729146438 0.0726153065106165 -0.3091622193909833 -31.74375365339642 
-0.3103138681455088 0.009844798344650145 0.9505831633606059 120.84506060050681 0.07339938796751275 0.9972094394696415 0.013633227636071981 1.0235658207871041 -0.9477963213991598 0.07400279115152653 -0.3101705201084325 -32.209660070578416 
-0.3114806757216826 0.01056245390528966 0.9501937647269356 121.90450628268081 0.07490534802543573 0.9970996596284041 0.013470666811935884 1.047489137997943 -0.9472956303429392 0.07537043602991352 -0.31136845945134123 -32.58634288248842 
-0.31378509128976695 0.012138137255852976 0.9494164257380482 123.62172580610188 0.07713190254659064 0.9969394137441895 0.01274661727293082 1.0808663748678833 -0.9463559688950341 0.07722998247122079 -0.3137609619954178 -33.190737794968804 
-0.315672203067879 0.0128207549718192 0.9487816692190362 124.94154181130676 0.0789315857501867 0.9967979591200827 0.012791983265926265 1.1076016898025827 -0.9455796628227933 0.07892690380966286 -0.3156733697134443 -33.66186778732055 
-0.31752780944711967 0.012830256242560326 0.9481621391881392 126.25943608554887 0.08002321006729922 0.9967041119376102 0.013311667866181659 1.1301345596024164 -0.9448663449512755 0.08010179123544238 -0.317507991045474 -34.12691402851234 
-0.31990577206116755 0.013618580125512885 0.9473514652793975 127.70270825657862 0.08158402862114855 0.9965787421951604 0.01322340080380416 1.1423313007827394 -0.9439302818522071 0.08151897959721227 -0.3199223499975777 -34.65363703848242 
-0.32200116984984567 0.013089597234467324 0.946648760946605 129.01371176007166 0.08263814067828813 0.9964765785387547 0.014330652949211384 1.1526008212725398 -0.9431257699886876 0.08284376864081544 -0.32194832342076646 -35.13008812215484 
-0.3242500825556606 0.012804824442884954 0.945884711807445 130.3228832456554 0.08348922433576747 0.9963937906715863 0.015131584326365804 1.1643751346142583 -0.9422799302996029 0.08387758639713695 -0.3241498331698498 -35.60773251889738 
-0.32678354721437686 0.013743958850810754 0.9449992510679543 131.76003933793848 0.08474849791145206 0.9962922113379927 0.014816318025960428 1.1776230901849007 -0.9412917926994512 0.08492898392948166 -0.32673668217789836 -36.13924498201523 
-0.32927835709461617 0.014499703751033906 0.9441215440031208 133.19588212781028 0.08598326355018546 0.9961882954284712 0.01468877221793747 1.195401047448538 -0.940309882718919 0.08601533411644423 -0.32926997655213264 -36.673772268507186 
-0.3311128454462441 0.01575444440265409 0.943459616947533 134.3696276445253 0.08724208698530937 0.9960889738703682 0.013984849600474369 1.2112971596889557 -0.939549432134432 0.08693993700113692 -0.3311923044929513 -37.113254976713634 
-0.3331209671548373 0.016999840048407343 0.9427308176097633 135.8039846200297 0.08902504265605816 0.9959379186685031 0.013498356183926427 1.2311069363433516 -0.9386719323594118 0.08842322423864098 -0.333281213607282 -37.649815812800824 
-0.33469670372664717 0.01764840308467957 0.942160611684226 137.1116632196852 0.09078009785341445 0.995778146068871 0.013596300369750717 1.2497142065905569 -0.9379430280821316 0.0900800567720449 -0.33488578632060934 -38.14219344510463 
-0.33630151139100006 0.018031525611395142 0.9415817146609681 138.42679644627023 0.09257858860529918 0.9956069560870678 0.013999847198463101 1.2713728036507779 -0.9371929000748325 0.0918784631011096 -0.33649345670485764 -38.626504774941886 
-0.3377863016130054 0.018424208238244526 0.9410424702911341 139.8741799748513 0.0945732623984825 0.9954129083885338 0.014458275124459253 1.2988891505906155 -0.936459473803133 0.09388125065469244 -0.3379792818130226 -39.16450097449586 
-0.3389911577051082 0.018961467380900574 0.9405984401845157 141.187218578645 0.09624514624974036 0.9952502333490791 0.01462350047381999 1.32235347988501 -0.935853567832931 0.09548525851288235 -0.33920597744133857 -39.65507327546888 
-0.3401974033038304 0.019658021621686162 0.9401485291814866 142.63241266672603 0.09780331303968397 0.995098905909702 0.014583600156431313 1.3489320657580428 -0.9352541218069429 0.09691093036556339 -0.34045268289469904 -40.19642974613471 
-0.3413865892794125 0.01931424562200741 0.9397244939657869 143.94447057111296 0.0989528800619047 0.9949714240789598 0.015498219720990622 1.3720413598812429 -0.9346997153097951 0.0982793159158553 -0.34158110055898844 -40.68907431657935 
-0.3427740500148308 0.01913606355271217 0.939222939310678 145.25767647117388 0.10026791347300805 0.9948265499365305 0.01632431129023089 1.3930543337813046 -0.9340515669789515 0.09976946093903732 -0.3429194581806299 -41.176985382862895 
-0.34425098775694735 0.01921870259974052 0.9386809186059826 146.56744215086619 0.10103110458349604 0.9947433395666506 0.016685514460171167 1.412963497352767 -0.9334259514980832 0.10057996103496479 -0.34438306339526453 -41.665306045307176 
-0.34620443051216093 0.019725185917224348 0.9379516924858474 147.99752719568397 0.10174198679540117 0.9946717174216086 0.01663564871333424 1.4255323451811928 -0.9326259132055126 0.10118839007591736 -0.34636663451464633 -42.20066777264315 
-0.3482908199778218 0.021088399178263086 0.9371492689462358 149.29546033340088 0.10230129609206327 0.9946305295273813 0.015638308421911114 1.4338203598491972 -0.9317875203426266 0.1013182501715021 -0.3485780527061366 -42.687235882650846 
-0.3504287733439336 0.02218514007821065 0.9363265790134684 150.59169564379707 0.1027827596676787 0.9945922006963692 0.0149017040768317 1.4454544383310028 -0.9309325499825221 0.10146020167133807 -0.3508139742225483 -43.178679898173144 
-0.3529775428210531 0.02273641538690728 0.9353554821223142 152.01541297851287 0.1034555993351557 0.9945229628704317 0.014866656291486048 1.457184697083982 -0.9298945244885998 0.10201534379137753 -0.35339648062859985 -43.722122211726415 
-0.3552801636994243 0.023190196039541217 0.934472144262802 153.30675463344778 0.10380431590673907 0.9944878260477623 0.014786143312625588 1.4723039581754662 -0.92897831119809 0.10225545105019306 -0.3557290395064399 -44.2230513010386 
-0.35757660772010075 0.024141739124508885 0.9335716975200449 154.5954103480614 0.10396205618261829 0.9944812752621186 0.014102702688520785 1.4867691550962339 -0.9280791420068382 0.1020988158404601 -0.3581130651246769 -44.7260455249667 
-0.36034216256387114 0.02428523901736638 0.9325040061489365 156.01558952018823 0.10314377131374543 0.9945685517952605 0.01395565779910674 1.489757741947248 -0.9271002758980773 0.10121077796072707 -0.36088985334806917 -45.278181014423254 
-0.3629390409900865 0.024231045695471087 0.9314977603078399 157.30673831984276 0.1017030791144184 0.9947197591375998 0.013750876074424467 1.4865458591086933 -0.9262460630816335 0.09972690644932368 -0.36348700682977564 -45.78098126966947 
-0.3659973471562712 0.02367897836092808 0.9303145792975365 158.59677963535142 0.1004972020863077 0.9948357805902559 0.014215628774116381 1.4811199662493997 -0.9251736525051841 0.09869688108261276 -0.3664869270633557 -46.28533043025547 
-0.3691910308989524 0.022485068194247736 0.9290814674196581 159.88143301106106 0.0991275821927045 0.9949569298648979 0.01531117855493534 1.4869570048727567 -0.9240518048675012 0.09775033581534874 -0.36955806452059486 -46.79844271435967 
-0.37289903318765744 0.02132531249240948 0.9276268166106156 161.29478836407878 0.09730037526022407 0.9951226043439854 0.01623703370729781 1.496064453288673 -0.9227561870871871 0.09631319819210808 -0.3731552174099178 -47.367288282507985 
-0.37670163613256613 0.02101118311715434 0.9260963105566666 162.57582294188535 0.09637994192679791 0.9952057726237121 0.016624646343601227 1.5092540418520546 -0.9213071240324823 0.09551962686603989 -0.37692069888418644 -47.890130880572826 
-0.38119142378861764 0.020593248346369317 0.9242667285954111 163.98174977701845 0.09558266235100597 0.9952720989389716 0.017245452790258128 1.5246814083532416 -0.9195417802434709 0.09491768017674901 -0.3813575453956401 -48.470407053748026 
-0.38544937923484796 0.020976066968126768 0.9224905147564056 165.25384261073134 0.09606286944241202 0.9952212694626236 0.017508622204367226 1.5450526603926986 -0.9177149522505629 0.09536576022693917 -0.38562244113999045 -49.009887074608585 
-0.38977949104051335 0.02122340140288792 0.9206636111373713 166.5215684085423 0.09590827174283358 0.9952334682954559 0.01766207572735565 1.5716397352559983 -0.9159004225767317 0.09518355750067253 -0.3899570939305615 -49.558515272836395 
-0.3952177803001575 0.021726475978077198 0.9183304611114577 167.91494262657406 0.0961190389929855 0.995210302178889 0.01782096268380863 1.6096611956132731 -0.9135447819529487 0.09531218951908363 -0.3954131339949629 -50.17455799168694 
-0.40058398952757357 0.0218664881455074 0.9159990685669416 169.1780760047861 0.09655484097461052 0.9951562964673732 0.018469169826703897 1.638812350780336 -0.9111584176391334 0.09584258488118934 -0.400754994173643 -50.738441819410056 
-0.40644847105357546 0.022535809280575695 0.913395723349199 170.564940380953 0.09705655395028599 0.9951043602655629 0.018637045958969204 1.6789824191111395 -0.908504098821379 0.09622602685033428 -0.40664589320526884 -51.36805070644825 
-0.41180762325884634 0.023764936723719706 0.9109608548750114 171.82207555182637 0.0970266477449033 0.9951207853515436 0.01790123322856483 1.71696083537568 -0.9060906923481593 0.09575932905950402 -0.4121041570641138 -51.94951132198147 
-0.41710490667803063 0.024234757563034552 0.9085351635544284 173.0829553616818 0.09644475008454688 0.9951803901852777 0.017731416004712324 1.7544526733943528 -0.9037266946064045 0.0950192942765382 -0.41743193836282755 -52.543622703853735 
-0.4229509170971572 0.02571437461570992 0.9057876477945151 174.46388051199145 0.09666349917153984 0.9951738987240322 0.016884346964368087 1.7875893052938938 -0.9009820869611035 0.09469784048701839 -0.4233953540178463 -53.200160137131604 
-0.4284046606701175 0.026250507318813274 0.9032055845597758 175.72252889732937 0.09653050516673502 0.9951871849808669 0.01686209843266381 1.818921692305338 -0.8984160169384997 0.09441067985622766 -0.4288768024709047 -53.80951533138411 
-0.43347238478017236 0.026547986050661256 0.9007757027283747 176.97840204075018 0.09754651663184571 0.9950750815178577 0.017614233292510877 1.8475941495335602 -0.8958718657262748 0.09550280261321376 -0.43392723163882163 -54.425722695042516 
-0.4386016197230697 0.027605902358332348 0.8982574820408679 178.36117162120254 0.09974937174459649 0.99484738587874 0.018131290772522655 1.8845098136678144 -0.8931286094305615 0.09755301960601935 -0.43909534569724107 -55.118470804305794 
-0.443223783035481 0.030690747339191228 0.8958854430181165 179.74162479951067 0.1031262361568185 0.9945238443993168 0.016950059353456632 1.916352814213763 -0.8904592570579792 0.09990194954164978 -0.44396164135034005 -55.81982322302466 
-0.4468989250910318 0.03264731594184917 0.8939885203107092 181.00477196641202 0.10521150963053122 0.9943165455494687 0.01628335765756823 1.949497976724035 -0.8883760013896159 0.10133488303664744 -0.4477938682620842 -56.471699305367046 
-0.45055992132860295 0.03461591749885731 0.8920748099690556 182.26789694559284 0.10729551998868259 0.9941045187808123 0.015616640293985875 1.9826461220834868 -0.8862750473037873 0.10275184885910292 -0.45161778610381553 -57.12354931533787 
-0.45408543465588863 0.0357850230950759 0.8902391933031698 183.5361581466768 0.10802667736901772 0.9940326434748755 0.015144075842071615 2.0150874452551473 -0.8843849194257477 0.1030462723817318 -0.4552414815817801 -57.785214906849255 
-0.457731582638602 0.03592865988134766 0.8883641713352008 184.81053784121858 0.10797131729999283 0.9940342593789313 0.015430105977278761 2.0559082542734735 -0.8825100698997805 0.10298068266758291 -0.4588801389426557 -58.460234783039695 
-0.46193922755394506 0.0357909557684501 0.886189104499129 186.21318648360656 0.10799336594685316 0.9940204752117826 0.01614713979128533 2.0883959088391943 -0.8803122249526735 0.10316152754522223 -0.46304223574125475 -59.206513037671 
-0.46611493039679536 0.035379040367750816 0.884016496854579 187.49156367052146 0.1072591877285109 0.9940896480260627 0.01677023142362292 2.1168467373006656 -0.8781983651744762 0.10263573271262816 -0.46715475369674153 -59.89298205269932 
-0.47012462337132516 0.036239950228283205 0.8818557003175971 188.7669067944589 0.10667999907328103 0.9941643956065584 0.01601669779930722 2.143050950822867 -0.876129126576438 0.10160619550596112 -0.47124723937819696 -60.58377042409724 
-0.4744462634750008 0.03829250269643873 0.8794511920017958 190.17361684446942 0.10706740466746169 0.9941464028275043 0.014474215517392138 2.173530634968079 -0.8737490165581372 0.10102778039467766 -0.47576892451982494 -61.35650329601741 
-0.4783640886514811 0.03888046992979776 0.877300450061386 191.45942990087704 0.10785323651926823 0.9940573430567653 0.014753997072227994 2.2025365765746314 -0.8715133435318256 0.10167746150068475 -0.4797147189686363 -62.07632091997014 
-0.4822715332991179 0.03947467411117147 0.8751319273884562 192.7452226939354 0.10863803102583308 0.9939676898792421 0.015033697612614005 2.2315425258903794 -0.8692594412289788 0.10232292000892791 -0.48365077219071667 -62.79611919639655 
-0.48666019488472007 0.03888597969960736 0.8727254479625147 194.16952237658973 0.1093130084327619 0.9938675398269723 0.016672788304436664 2.265900707598817 -0.8667251874450639 0.10351421265925087 -0.4879265135221361 -63.605763708667425 
-0.4906440893569432 0.03828424705131468 0.8705186192034464 195.4678945305305 0.10953687365273147 0.9938191850051978 0.018030619617029998 2.2969992478403474 -0.8644478471297944 0.10420049087520285 -0.49180504521932533 -64.34956482841757 
-0.4946830004274278 0.038579452626876634 0.8682167514153293 196.77048613123395 0.11021948304631292 0.9937324146121486 0.018642857948354803 2.331344909957475 -0.8620559286037585 0.10491669227286009 -0.4958347392833673 -65.10529106322839 
-0.4986850434738764 0.04012938985067585 0.8658538168349433 198.0762820000393 0.11082222957087388 0.9936813001426813 0.017773847245016537 2.3672616609477783 -0.8596695237823012 0.104819388121751 -0.49998123029322544 -65.87207892510745 
-0.5037266257873343 0.042920815100167584 0.8627961885034593 199.78480652502853 0.11224352232893373 0.9935501981281909 0.016105837761150123 2.414362402596828 -0.8565400792143726 0.10495620842597539 -0.5052952718014153 -66.8871459980667 
-0.5069001683367176 0.04432866528514419 0.8608641946702563 200.8451013866563 0.11302487908237467 0.9934728852184792 0.01539498579648507 2.443542847044162 -0.8545628268825759 0.10510277825533346 -0.5086018142701213 -67.52441714640568 
-0.5113112025392192 0.04393488483755419 0.8582718410341861 202.31442152811422 0.11323327754041533 0.9934296736470065 0.01660454549088336 2.483909847944602 -0.851903226841526 0.1056750094997918 -0.5129266115618402 -68.41325927819517 
-0.5153584940940014 0.04319536120856605 0.8558853641442502 203.65914080909508 0.11211044018754668 0.9935440529028057 0.01736279519778416 2.5188348260345426 -0.8496098519171095 0.10490173480179778 -0.5168740173632171 -69.23316112127053 
-0.5194343189620655 0.042937538494495296 0.8534309166246026 205.0094506726322 0.11085420780479127 0.9936830035798195 0.017476712358767243 2.557693424040733 -0.8472894201038818 0.10368439839738906 -0.5209128605289265 -70.06606059232767 
-0.5236091060957251 0.04415681674924858 0.8508135242634248 206.49900599080226 0.11070558417335992 0.9937153181035916 0.016557253888804843 2.6004943163023198 -0.84473534672781 0.10285932327345601 -0.5252067951062783 -70.99605755513241 
-0.527073098345612 0.04494482233827795 0.8486305943041491 207.85542392368697 0.11107986483616131 0.9936767591991359 0.016363505935249698 2.6358280430540835 -0.8425290742012913 0.10289052162618437 -0.5287327525038721 -71.8510862516269 
-0.5302193587421704 0.045842360468124746 0.8466202710511315 209.21749322625396 0.11148574937227342 0.9936369313699354 0.01601807698178735 2.6570607479104287 -0.8404988919929487 0.10287917600663489 -0.5319563059728963 -72.7081967929219 
-0.5335190507438679 0.04551528024910056 0.8445624640264763 210.7189496794484 0.11129056384706286 0.9936466814509739 0.01675366588602704 2.6853629969691335 -0.8384341720738921 0.10293021889452623 -0.5351948549559093 -73.66339125197459 
-0.5364922299455653 0.04569407178704975 0.84266726114781 212.08712393427416 0.11142329707395933 0.9936266146634712 0.01705878038958992 2.7136785328329154 -0.8365171629902065 0.10304465384595442 -0.5381643418612814 -74.54326018117601 
-0.5394514973241371 0.04622348491195337 0.8407469569287673 213.4584843604604 0.11107693303187069 0.993672503798281 0.016639489636328005 2.7422450864215207 -0.8346580286321255 0.10236377725516392 -0.5411724824549744 -75.43147611688129 
-0.5426804704810759 0.047040473651729926 0.8386209364312266 214.96605423617464 0.11128153894906756 0.9936556530768444 0.01627466362387924 2.768468645075164 -0.8325348963894605 0.1021549567679979 -0.544472253103203 -76.41609933313443 
-0.5446983942487906 0.04687755548237658 0.8373208037548612 215.92750357472698 0.11127040922445797 0.9936489229775012 0.016754592697130713 2.785438277788833 -0.831217530442021 0.10229521446659333 -0.546455057070047 -77.04868261627175 
-0.548682563684014 0.04678181772955559 0.8347208397452016 217.7151949639951 0.11012062838863468 0.9937781104128571 0.016688825684050328 2.81953755245402 -0.8287465951094871 0.1010768374517718 -0.5504203640165699 -78.2337694884487 
-0.5520131757976476 0.0476902688839143 0.8324704598881087 219.2289620564471 0.10964164018566233 0.9938460981445981 0.015768524147001944 2.850463309376207 -0.8265955430151719 0.09997784624126196 -0.5538449796902107 -79.24809732041443 
-0.5550362705459972 0.04706517944770167 0.8304935773257138 220.6096216958925 0.1084059973877366 0.9939759989032703 0.01612004039589421 2.878007902079065 -0.8247320202373385 0.09897767831713265 -0.5567948786628022 -80.17901258593339 
-0.5583503317852327 0.04738407702592019 0.8282509469278777 222.1287632046926 0.10963596225612945 0.9938255229378453 0.01705251170320003 2.909132195156272 -0.8223289425614628 0.10032735161588253 -0.5600978088498377 -81.21468071790422 
-0.5613809993922002 0.04635076656224906 0.8262584068834479 223.51717466172536 0.10976239690581471 0.993779531921955 0.018827123732590996 2.9351473290242427 -0.8202460707789919 0.10126127913080048 -0.5629765175438326 -82.15678989491455 
-0.5644466914482296 0.04717419663711114 0.8241204419161547 224.9007369821031 0.11150445746668566 0.9935726706606091 0.019496322241123142 2.9639567369422943 -0.817903854548805 0.10289772355758435 -0.566078939373355 -83.10611777650564 
-0.5677627494654109 0.04754393048916118 0.8218181126160833 226.2792005666655 0.11222990678717397 0.9934797582887633 0.02006041931825838 2.9943296457671953 -0.8155059380755838 0.10362211513627206 -0.5693966494959589 -84.06326896031968 
-0.571708825178759 0.04766471320436677 0.8190708575700403 227.79127808671208 0.1130730035250694 0.9933622509850776 0.02111721476889715 3.035837109798401 -0.812627554076934 0.10468768603148382 -0.5733035572781188 -85.12274093134138 
-0.5752611428601697 0.04849038013887138 0.8165312462351587 229.15901101073106 0.11410920692194475 0.9932375339198868 0.021407772385883546 3.071000556604038 -0.8099714395299091 0.10548877847902347 -0.5769041572233385 -86.09261948502125 
-0.5788569142056255 0.049588643092068785 0.8139199070036516 230.5210560456072 0.11490965833165064 0.9931493830255318 0.021214996091454583 3.1051911712433786 -0.8072920596767855 0.10580769150201834 -0.5805896007478709 -87.0676843847386 
-0.5829418554401298 0.050914677274701926 0.8109170516342815 232.01041166863524 0.11569893319476232 0.99306608326568 0.020820994110775943 3.1437092359902317 -0.8042341550856783 0.10595965262050878 -0.5847905585097602 -88.14966117469392 
-0.5866818009643874 0.05172460293919747 0.8081639721195294 233.35750984807774 0.11627569087440905 0.992998000279167 0.02085516356649498 3.173820190947318 -0.8014265120163718 0.10620515499638389 -0.588588168613069 -89.14034046956144 
-0.5905302998259832 0.05128856702873123 0.805384022696539 234.6995043110537 0.11687696021874244 0.992892224083312 0.022467982795284225 3.205102582705506 -0.7985072116441081 0.10739884674693134 -0.5923273941061037 -90.13699655336391 
-0.5947048335825136 0.051946145901535394 0.8022641305360155 236.17029386665578 0.11760983255184379 0.9927958283131887 0.022899199306302694 3.239000887819152 -0.7952949854842207 0.10797240025944373 -0.5965298548965658 -91.23903171529157 
-0.5981668633210205 0.05214319053446998 0.7996733506612284 237.50206510833422 0.11763683036730936 0.9927842684476292 0.023258874107646155 3.2727145133678093 -0.7926903590652438 0.10798371176840767 -0.5999846109900143 -92.24654565449505 
-0.6013011950324625 0.05223974375323621 0.797312898812257 238.82975220458786 0.11734610643180754 0.9928142075593106 0.02344873820793315 3.309511379939454 -0.7903586461880417 0.1076613043313955 -0.603110499500981 -93.25976176216281 
-0.6046319107529654 0.052817838198685386 0.7947518513293984 240.28520144698425 0.11627843927449595 0.9929624086165408 0.022471812035558657 3.349895237996983 -0.787971828386258 0.10599966547099683 -0.6065183337406617 -94.37779999571227 
-0.6076448554442767 0.053142812242478375 0.7924288914539526 241.60513502265158 0.11475086438687278 0.9931640388934084 0.02138769756009325 3.3835511879079827 -0.7858753042757108 0.10392801083382226 -0.6095892020092588 -95.39785829838297 
-0.6105145551963004 0.052977077371057904 0.7902312219522035 242.92231892462135 0.11364682131407648 0.9932947794032974 0.021210464547145803 3.4158398531248446 -0.7838089070924664 0.10275655012862994 -0.6124415963958062 -96.42311827836375 
-0.6136888962298209 0.05234199588436549 0.7878110377770658 244.36660297210454 0.11299959251956265 0.9933508613673749 0.022026367843865496 3.453408734980589 -0.7814198970565532 0.10253964997464177 -0.6155230174133264 -97.55847886905231 
-0.6164379298807222 0.05250975210568046 0.785650674148932 245.67445198902612 0.11289407403882669 0.9933592872534629 0.022186866388070842 3.490322981345488 -0.7792683949119524 0.10237211774136866 -0.6182723820308346 -98.59653665616167 
-0.6194994639564144 0.05377362024692234 0.7831531071849133 247.2319467075647 0.11272271741284204 0.9934054510509521 0.020957131358036486 3.5274828470426036 -0.7768616528404338 0.1012620645473801 -0.6214756525448635 -99.85157631021161 
-0.6216556307579452 0.05376030776909035 0.781443589469503 248.3955643513231 0.11208927172246021 0.9934799680835977 0.020821880544321644 3.5571502216233246 -0.7752291895400588 0.10053546871977949 -0.6236283694788362 -100.79700934669438 
-0.624040141111142 0.053302868188975366 0.7795721160401237 249.67807641555228 0.11119952717474058 0.9935745288270721 0.021078978078098772 3.5923326566218297 -0.7734394557492212 0.09984216584149212 -0.6259576424434221 -101.85431407977424 
-0.6263684546840697 0.05269085568816592 0.7777443091410008 250.96088095934195 0.11072894604875617 0.9936101660749322 0.021861858557052742 3.629142644092698 -0.7716227599271765 0.09981237290060846 -0.6282004667306074 -102.91437231433521 
-0.6288736696828596 0.0526965603001319 0.7757196387380237 252.36508183759366 0.110600432995761 0.9936177741180888 0.02216451340196788 3.677991044589384 -0.7696008548842946 0.09973359351526316 -0.6306883177906599 -104.08867083852235 
-0.6309878121665722 0.05319706269716331 0.7739666861811081 253.64229526936114 0.11041148024751346 0.9936486456770738 0.02171811319714396 3.717980159309486 -0.7678956373518524 0.09915865899261649 -0.6328537509686393 -105.1572172220868 
-0.6331702891670342 0.0532062316678235 0.7721816236018119 254.91858517337187 0.11017520254049565 0.9936714684649565 0.0218732705071218 3.7572458897129035 -0.7661310811428259 0.0989247586005123 -0.6350252579098332 -106.2290808019697 
-0.6356684165894001 0.05300682040828402 0.7701401945487181 256.3159531278148 0.10990820220730052 0.9936910082622421 0.022324193984618372 3.8044880496545077 -0.7640980794041137 0.09883549609813172 -0.6374838736726118 -107.41311361529841 
-0.6379890796404801 0.05304812563577065 0.7682159910150318 257.5836414208702 0.10883074892745673 0.9938222163623053 0.02175483301401646 3.8481729620484613 -0.7623160931804681 0.09748485451818555 -0.639820987922083 -108.49373220210832 
-0.6408409244264162 0.05241290783040038 0.7658823506521476 258.84572696378694 0.10747910680099185 0.9939658963851632 0.02190983297462159 3.9012137054172618 -0.7601126065180857 0.09635705570100983 -0.6426073159442237 -109.58401536094371 
-0.6444177900086502 0.05102422235450618 0.7629693435578143 260.2391488006798 0.10557519712277903 0.9941525179580023 0.02268592249414267 3.9509972568424434 -0.757350389754813 0.09516983814680068 -0.6460364604266763 -110.7839158668664 
-0.6480917211437657 0.04988105597521726 0.7599269570062777 261.48858415129274 0.10398380124429281 0.9943033149014544 0.023415577913335872 4.0074305973011946 -0.7544299258639627 0.09419552323238524 -0.6495865680450239 -111.8823922765851 
-0.6518197417789237 0.04950982046130481 0.7567560907132493 262.74153831014087 0.10278127448320495 0.9944270603270176 0.02346984226071387 4.057024617335059 -0.7513767740702065 0.09307844951817276 -0.6532758716697884 -112.98592622383494 
-0.6562141234004889 0.050321281535138006 0.7528949275942047 264.1108785473829 0.10235326378923686 0.9944881345699377 0.022741190886245995 4.121241724809191 -0.7476007331410984 0.09198433142792986 -0.6577477064075008 -114.21303552053638 
-0.6604592734283087 0.05095359275425415 0.7491310024579806 265.35518386591775 0.10170360008118697 0.9945710648159745 0.022017649876215857 4.174639405889618 -0.7439421672461644 0.09073106873195022 -0.6620558462089112 -115.33660890066717 
-0.6648358913469591 0.05186078482950151 0.745187007459014 266.5962164081595 0.10191968575385514 0.9945556078530277 0.02171457333168821 4.225931461775002 -0.7400038090200505 0.0903858412046045 -0.666501898483829 -116.46900477335709 
-0.6698961329809402 0.051872355779146714 0.7406405399920062 267.95530921426194 0.10121668794449744 0.9946235956150894 0.02188806190434177 4.282408118943936 -0.7355231981175196 0.08962789840307528 -0.6715448480746516 -117.72597134434194 
-0.6746017289494025 0.05104701277031292 0.7364147539154093 269.22610346544826 0.10005984013472131 0.9947222482374632 0.0227085742205749 4.337470994075283 -0.7313689611292084 0.08900477402284701 -0.6761491039776845 -118.92749496348642 
-0.6792794240893075 0.05021502782703134 0.7321597470702932 270.49687976404164 0.09890110016543859 0.9948190716409929 0.02352847505167901 4.392533919766043 -0.7271850230509603 0.08839380158818227 -0.6807264471118478 -120.12898871094829 
-0.6839290291509268 0.049376524222008326 0.7278756916009627 271.7676382728006 0.09774047507980625 0.9949140608508963 0.024347752853373636 4.447596889229574 -0.7229715787723492 0.08779503907031691 -0.6852766922216511 -121.33045248974724 
-0.6883073628937787 0.048759288875453374 0.7237786171507449 272.98700097508026 0.09720526395862535 0.9949398162011559 0.025414578499097337 4.5045683332127595 -0.7188769934501087 0.08784812124160526 -0.6895640602354781 -122.51435641505698 
-0.6927301730857319 0.04896443556608229 0.7195327457972518 274.26214054472473 0.09478699301967582 0.9952194292654507 0.0235311597263522 4.558028249249935 -0.7149408044282733 0.0845030783058672 -0.6940597186703983 -123.76641308046312 
-0.6971327866180065 0.04912975741757838 0.715256685327458 275.5372825688298 0.09236603940198823 0.9954897895178 0.02164706797654522 4.61149324140857 -0.7109672375661759 0.08115629699710601 -0.6985264916930032 -125.01842532237036 
-0.7016830177883786 0.048673938133638746 0.7108247123437607 276.7475728961592 0.08928306589036186 0.9958065409277623 0.019946651434451918 4.655801420385232 -0.7068730414250506 0.07746082563371715 -0.7030862967668073 -126.22254700598577 
-0.7061591046732659 0.04522529175575169 0.7066073687246045 277.9560997111698 0.08498015801434383 0.996157748299331 0.021168722911284972 4.698603308850907 -0.7029350690523296 0.07499608199043155 -0.7072891156638847 -127.43753073472882 
-0.7108319467867735 0.04149968349609672 0.7021365263619352 279.27918400596525 0.08208340144394227 0.9963313207457278 0.024211898274435317 4.7487339466150695 -0.6985558517419351 0.07484433489984667 -0.7116305671247967 -128.78763109047318 
-0.714926032364177 0.039967591899025205 0.6980568329527761 280.47744940472273 0.08077812849195795 0.9964012218304218 0.02568074319254103 4.795867907284983 -0.6945183088543624 0.07474754615958762 -0.7155816790165918 -130.0241601645669 
-0.7189329241553688 0.040932293719292245 0.6938731730495462 281.6675761774974 0.08156138403052304 0.9963360878022396 0.02573212545159973 4.84733640784625 -0.6902776326515893 0.07509291827729588 -0.719637311151706 -131.27037835589644 
-0.7227074750065394 0.04248338319646468 0.6898471209474156 282.97185227578234 0.08183360173845741 0.996347945892293 0.024372809556563582 4.899421825482832 -0.6862923472868696 0.07406707608447323 -0.7235446760464983 -132.65105992539682 
-0.7256350896019442 0.04258855753973274 0.6867604489300948 284.15518198667894 0.08148073814242934 0.9963785485695621 0.02430388352166638 4.948226146849177 -0.6832383366275097 0.07359348894040846 -0.7264773840570626 -133.91605087177123 
-0.7285849051799863 0.04173027774279293 0.6836831157341355 285.3372627692963 0.08075139021491454 0.9964147471474792 0.025236206546322224 4.994288728046517 -0.680178849523048 0.07359507116116829 -0.7293425215975454 -135.18889325281356 
-0.7319902058245847 0.04019725702999193 0.6801282983240866 286.63619058663573 0.07818720202382173 0.9966189711243408 0.025246568784592652 5.0448664305085265 -0.676813946514889 0.07165755992051816 -0.7326582364455194 -136.5942457402876 
-0.735233169304836 0.038587775708471744 0.6767149721929432 287.81445858895114 0.07656788650866986 0.9967160196492839 0.026354056438257015 5.091421767321727 -0.6734757334035265 0.07119100186713698 -0.7357732620439614 -137.88058231599663 
-0.7383499285342393 0.03788419142579679 0.6733529197374563 288.9886755682035 0.0753284626010223 0.996806125703247 0.02651738692611773 5.138926772291515 -0.6701977495764326 0.07030174132260443 -0.7388454891636643 -139.17251650333392 
-0.7417359471635928 0.036293513874675706 0.6697093019980587 290.2769222352224 0.07379538300775958 0.996888422534602 0.027707684034638774 5.192685645034042 -0.6666198644659473 0.06997323010190665 -0.7421062716554719 -140.6015695777044 
-0.7449294016392275 0.0350198740863723 0.6662235201691288 291.4435910876861 0.0722690127585598 0.9969807399160424 0.028400621214962507 5.242068931780779 -0.6632174558422435 0.06930376432856446 -0.7452111173539033 -141.90848912369074 
-0.7483299155774258 0.033175478044815215 0.6624965729331818 292.6084339189496 0.07044517638571259 0.9970751352151735 0.02964208280172732 5.293340555677848 -0.6595754935721618 0.06885173579847993 -0.7484782037598362 -143.22172244278016 
-0.7520469532101385 0.030983483651347486 0.6583808838164333 293.8834876274643 0.06739290365784784 0.9972739159509864 0.030048864151644247 5.349285044980036 -0.655655087364795 0.06696834697449587 -0.7520848765352078 -144.67381957473822 
-0.7554798824890463 0.029553764911313122 0.6545049324517782 295.0396698762287 0.06558743738720803 0.9973753703437704 0.0306701774298208 5.401799059432087 -0.6518807037126617 0.06609799419560579 -0.7554353828922954 -145.99876961731073 
-0.7587440286546613 0.0280276704649994 0.6507856277870803 296.1885044115291 0.06400280512666581 0.9974473004416339 0.03166267266319883 5.4550027819749625 -0.6482369600460436 0.06567596046495149 -0.7586010322426965 -147.33303690012684 
-0.7623655885816902 0.027603036532078944 0.6465576282045646 297.44218324174363 0.06312771085680804 0.9974971240825556 0.031849342403360674 5.5154609583068765 -0.6440602593745579 0.06509653668647604 -0.7621999982251886 -148.80672625097066 
-0.7655950485354063 0.027858367121094182 0.6427193151633522 298.5780734111879 0.0622976655060227 0.9975770486432597 0.030968272619451915 5.569297219429984 -0.6402993351345015 0.06374906026784796 -0.7654755598190703 -150.15557671207958 
-0.7687573523407418 0.027723068846760908 0.6389393945417121 299.7104415159316 0.06186243479017656 0.9975985858311456 0.031146455924506364 5.6256726931231205 -0.6365415840643583 0.06347040484151675 -0.7686262636921827 -151.5134372904493 
-0.7719812949196572 0.027961118204386924 0.6350299532790595 300.83831009633457 0.0619406575860245 0.9975866041340737 0.03137392548969822 5.683423949729584 -0.6326201474127293 0.06355424774074606 -0.7718501281157856 -152.8786870867388 
-0.7753067072147702 0.02828709155919723 0.6309511358101758 302.07412721988374 0.061762172620332983 0.9976041345844234 0.031167702805303826 5.744765091908391 -0.6285578408321947 0.06313343327924766 -0.7751962485362179 -154.39032879737152 
-0.7783916571647772 0.029016237880888005 0.6271080223870059 303.1938864796694 0.061947836575510694 0.997606110143244 0.030732971786215667 5.800553923744561 -0.6247150621843114 0.06277026545747176 -0.7783257660526783 -155.7710238719375 
-0.7813358058887517 0.029220707897908624 0.6234264147246893 304.31014001150845 0.06212241873901649 0.9975838896671169 0.031099665266163874 5.855362589449384 -0.6210114159037361 0.06302803012581458 -0.7812632730471263 -157.16096454772435 
-0.7845597271929879 0.029024738191424936 0.6193735424884652 305.5350559375677 0.06231359523465595 0.9975374912591697 0.03218649416356075 5.920874923881332 -0.6169141474245848 0.06384761053672428 -0.7844363774175532 -158.69708467940112 
-0.787349603047255 0.028682193681498453 0.6158392002820638 306.635102548884 0.06219491908341456 0.9975164094152648 0.03305761661394639 5.980572140671619 -0.6133615650144365 0.06432996173360492 -0.7871780353265583 -160.10348359821728 
-0.7901168888772088 0.027900243486560006 0.612320883808176 307.7280245008079 0.06174601836331019 0.99750496922698 0.03422377259229739 6.039446441543443 -0.6098382947765808 0.06484914839688162 -0.7898682514991139 -161.51370856435793 
-0.7931774664372452 0.027717376195020644 0.6083594664285956 308.92483598040775 0.061190215352710645 0.9975355317880896 0.03433105561492264 6.103881971329446 -0.6059086389414979 0.0644562576657573 -0.7929187376328457 -163.06844790250727 
-0.7958335766147934 0.028361031719384398 0.6048508551354287 310.0065304620635 0.06142609878225681 0.9975307370865545 0.034047965778950966 6.161377605831394 -0.6023917056488122 0.06425013398210824 -0.7956105614465647 -164.48601440694122 
-0.7986476498162117 0.028266980034073127 0.6011346739222221 311.1940996257956 0.06106287257141252 0.997547194538586 0.034218726918826735 6.2264584678731545 -0.5986929690420166 0.06403570708365178 -0.7984147851328587 -166.04634358317585 
-0.8013751724665585 0.0291735566161479 0.5974501850405458 312.26345905339974 0.06151907703928033 0.9975331880752121 0.03380743804063591 6.283372564456339 -0.5949901260592958 0.06384701674128089 -0.8011930605482207 -167.46856815365487 
-0.8042733034619006 0.030170843669795774 0.5934931850863827 313.3248710319973 0.06147120248407772 0.9975766577282645 0.032589940608693975 6.340168273361945 -0.5910717032875547 0.06269395037960306 -0.8041789116467135 -168.89493314138358 
-0.8074327158162679 0.031552493549540345 0.5891153002269827 314.3737664358451 0.06190200240071654 0.9975878043194688 0.03141203243597152 6.395609718186349 -0.5867031320648258 0.061830510932499985 -0.8074381922798045 -170.32883824399937 
-0.8109092415031253 0.03112350820951658 0.5843436633271925 315.52099193788456 0.06213399245879956 0.9975189738269515 0.03309478605273913 6.458281298799753 -0.5818638865507475 0.06314446403301392 -0.8108311819197858 -171.91368014942114 
-0.814090079907714 0.030680908504747497 0.5799275915403415 316.55599058791375 0.06283233370901954 0.9973948084452816 0.035435786844075286 6.517318747012449 -0.5773295877636941 0.06528611767554658 -0.8138969720355715 -173.36090967678672 
-0.8170043296913206 0.03125448435791364 0.5757838747469096 317.5841491353013 0.06310413972977448 0.9973788555301509 0.03540179598309262 6.579625484367325 -0.5731682178188151 0.06525775787120003 -0.816835130308511 -174.80868317073734 
-0.8204574907200867 0.031088065475725252 0.5708616524671052 318.70922515354164 0.06240326002552601 0.9974240902952232 0.035369736898128765 6.64644816345348 -0.5682916081940157 0.06464298499194528 -0.8202840625936131 -176.40451600603717 
-0.8236614379895374 0.031071176628028135 0.566229993812788 319.7292986857056 0.06232952705519316 0.9974084771811768 0.03593550832019069 6.7040308994950895 -0.5636460576614097 0.06489153143230765 -0.8234635519777543 -177.85828098708856 
-0.8267380675888952 0.03050652045001852 0.5617592975111271 320.74425159482917 0.06193570934260116 0.9973945865179462 0.03698658873227278 6.76004808732076 -0.5591673702986034 0.06537117267888909 -0.8264735157232939 -179.31327427302992 
-0.8300567823106698 0.030139528803342096 0.5568638394407379 321.84354601061784 0.0610039131553951 0.9974535139691895 0.03694605636443907 6.825452706079748 -0.554332276709147 0.06463818927502352 -0.8297816831685013 -180.92483876893323 
-0.8331270225799353 0.03017417977259002 0.5522579759847926 322.83702402783024 0.05997134367942549 0.9975518865687121 0.03596765962547369 6.882289093930908 -0.5498207110153589 0.06308527355009654 -0.832897018895225 -182.3937106319938 
-0.8361728269284591 0.030191968640384533 0.5476344014355653 323.8305027871369 0.05893739447287124 0.9976483317976872 0.03498843467196174 6.939125529548532 -0.5452901969708593 0.06153251476367515 -0.8359858615120138 -183.86254782049178 
-0.8393766136867834 0.03073724419182882 0.5426804874894804 324.90662205495386 0.058871265064187266 0.9976675165760228 0.034549985247637256 7.000161403555746 -0.5403527424024942 0.060948728214533524 -0.8392283217686807 -185.49144499159326 
-0.8420883139848987 0.031105366952638967 0.5384419346998282 325.8697720776927 0.05874706424586343 0.9976854874685706 0.03424107903839523 7.0591460466817555 -0.5361306421018613 0.06046588728406639 -0.8419666386925878 -186.98493828134715 
-0.8446850040219565 0.030725596767025413 0.5343811105309566 326.82638850957113 0.05816883397239791 0.9977076608023574 0.03458050428457307 7.1179429777057415 -0.5320936403235249 0.06029395136474165 -0.8445359712892806 -188.48582991050407 
-0.8473123563108306 0.02986407496371791 0.5302545592901841 327.8738590246434 0.05760967893045725 0.9976947178801433 0.0358660807864362 7.183407032009306 -0.5279610846478581 0.06093756013956484 -0.8470795217332477 -190.14240817557624 
-0.8495849662776152 0.02896630520832261 0.5266557966690087 328.8202538115209 0.05665200158498937 0.9977260590635286 0.0365138700916607 7.245648664102891 -0.5244005594963724 0.06085773194123954 -0.8492940590916305 -191.65561734261067 
-0.8518283287098478 0.028766432482563768 0.5230305735199549 329.7611773962051 0.05587685237199849 0.9977839041626079 0.036125598538420504 7.309343419270342 -0.5208323018326984 0.05999810230044628 -0.8515479728789572 -193.17399919926953 
-0.8540397027861558 0.028907352839301615 0.519404025030494 330.78930031323745 0.055269898929622585 0.9978457146304139 0.035343584328489934 7.381552035766646 -0.5172634097296227 0.05889222429000478 -0.8537975637027688 -194.853732281486 
-0.8560088953534142 0.028644756483829175 0.5161668715899872 331.7208845299813 0.05475670184177269 0.9978708984438199 0.03543126471041024 7.448318547799587 -0.5140529984889065 0.05859306536446485 -0.8557548575578936 -196.38797850336192 
-0.8580008665284995 0.028162846976629158 0.5128755770553505 332.6473339499961 0.0544418447035277 0.9978575224092954 0.036282935287488056 7.513016280863947 -0.5107549402872162 0.05905267450164797 -0.8576958559282214 -197.9302995370359 
-0.86024898546227 0.0268347045546293 0.5091675286675239 333.6629882271123 0.05364906532861619 0.9978345594963541 0.03805220806071118 7.587622876695925 -0.5070438551962376 0.060050727349174174 -0.8598258239734173 -199.63447504847693 
-0.8623955464894916 0.02718755856257706 0.5055044498225624 334.58090513838175 0.053311710461085016 0.9978817444107343 0.03728118238502258 7.655461714642749 -0.5034200960170592 0.05910042460288422 -0.8620181872451986 -201.18897531952277 
-0.8645802639788148 0.02813501335814155 0.5017064669931627 335.49169006332426 0.053111379253470134 0.9979551815769172 0.03556174629946348 7.727971783534435 -0.49968005617785843 0.057392298732143694 -0.8643066433858649 -202.7516061660001 
-0.8670488580743293 0.028019909771761352 0.49743457196337293 336.4876243739198 0.05293667276228876 0.9979466714704699 0.036057598650050794 7.806924679557075 -0.4954028625668976 0.05759622316579218 -0.8667518024088673 -204.48107783706547 
-0.8693834889688926 0.0275319144490635 0.4933703821289847 337.3885655092232 0.052484838536893 0.9979435774361517 0.03679617937613955 7.875775671679108 -0.4913427525942981 0.05788444790407896 -0.8690406769293673 -206.06133318257184 
-0.8717201562707902 0.02749129877370359 0.4892322443958656 338.28397907799854 0.052224748451197615 0.9979505343548744 0.03697712083219331 7.947864855003674 -0.48721304820607864 0.05778372472309642 -0.8713693216232745 -207.64826775456882 
-0.874223200946539 0.027429418464877516 0.4847488147492011 339.26159677224484 0.05194473611083216 0.9979564606817402 0.03721085601041975 8.026285655015167 -0.48273755674745195 0.05771073520896311 -0.8738615050708974 -209.4020379089143 
-0.8764545149100892 0.02692626195248763 0.4807311632586951 340.14411169557843 0.05160968162515344 0.997936559538684 0.038197705834799665 8.102334611372637 -0.4787106989457966 0.05828892626094322 -0.8760356587152743 -211.00444843728658 
-0.8786191483698379 0.026674207355421014 0.47677759022004074 341.0231655111468 0.05142701623490067 0.9979172696995801 0.0389407970066707 8.175729437513017 -0.4747458933007136 0.05873337097488984 -0.8781609962511548 -212.61487465600806 
-0.8804749354938173 0.027229890519442933 0.47331005999954007 341.80847246779865 0.051629519694979746 0.9979187863753252 0.038632749472517415 8.243401938835518 -0.4712730520980958 0.058451930905457146 -0.8800483449423196 -214.07033490241818 
-0.8827540336290958 0.028915622799474173 0.468944767389842 342.93525512201865 0.05237357796325649 0.9979398319312786 0.03705537768099107 8.337743329108827 -0.4669071998572865 0.057271091839613986 -0.8824498262958133 -216.18120808129507 
-0.8841374697175511 0.030038036434656985 0.46626027396291586 343.7103289648929 0.05341589202982881 0.9978865750572795 0.03700171157579601 8.402122130847713 -0.46416342583576925 0.05762030045602596 -0.8838734197632342 -217.65112581099024 
-0.8857588710160119 0.031628398951866775 0.4630667975007786 344.65328006369924 0.05526069848835289 0.997765487525868 0.03755380153545949 8.48380486031413 -0.4608443189502386 0.05885299975150837 -0.8855274389058624 -219.45566872027513 
-0.8872316847211419 0.03415132755412511 0.46005827529468846 345.50641803907115 0.05697356077863565 0.9977332494573444 0.03581029500172684 8.556707141704207 -0.4577924853281299 0.057983178807072176 -0.887166274274419 -221.1026349783615 
-0.8886382453250519 0.0366151753142234 0.4571448240481011 346.3578885388133 0.05890970547067502 0.9976633186063348 0.03460563930783151 8.626322970342738 -0.45480954707852544 0.05768215391134891 -0.8887187697869194 -222.75894711633129 
-0.890183623724004 0.03739424387569696 0.4540647298991019 347.2493101671114 0.059715843207010726 0.9976046340585889 0.034914368948726605 8.699929419789107 -0.45167149855220634 0.058195050013517685 -0.8902843367180888 -224.51599814277233 
-0.8917176049163399 0.038177047537651845 0.4509791775356228 348.14072693273715 0.0605214766781667 0.997545242274358 0.03522274097658996 8.773535827233603 -0.4485274488125556 0.058702656274477884 -0.8918391852545341 -226.27303181999005 
-0.8932639773111274 0.03865340562953316 0.44786758490767015 348.9873811418511 0.06089412944610999 0.9975176702831556 0.03536104476885043 8.846024458656155 -0.4453890211246666 0.05885924644946928 -0.8934003668088837 -227.9607151832158 
-0.894983462680193 0.03944409421569204 0.4443520649205361 349.9158075615927 0.06129298985194535 0.9975092848757436 0.034905544013042064 8.926181451287977 -0.4418685088573103 0.05847554357433927 -0.8951719600300709 -229.82690018103074 
-0.896521063647373 0.039908344274574396 0.4411998404630718 350.75610766441184 0.061308081027036616 0.9975277143501469 0.034347915822802604 8.998534355309674 -0.43873831577887307 0.0578427379977737 -0.8967513112231439 -231.5333729844185 
-0.898021197389648 0.040156409354648974 0.4381157206152935 351.5937094673487 0.06140461959226829 0.9975188252753943 0.03443351469265578 9.072087589590907 -0.43564596833876046 0.057824347668891225 -0.8982588386668036 -233.24933308674747 
-0.8996713641871307 0.040189951367074914 0.43471392570298445 352.50984259183247 0.06136609599579461 0.9975091663191694 0.0347802586734014 9.156172998136006 -0.43223332427363137 0.05796749166809958 -0.8998967326009334 -235.14711091308612 
-0.90121214310773 0.040754848703825834 0.4314576554459134 353.4223797085977 0.06137699037764123 0.9975362108868585 0.033976080375737835 9.240229880332894 -0.4290099602043359 0.057101221089818424 -0.901493156135373 -237.05418194347547 
-0.9022683025038555 0.0415623647284606 0.4291671856190005 354.1676942021202 0.06171931872267512 0.9975428647702221 0.033150560484576895 9.30789611218792 -0.4267348634889396 0.05639859885022599 -0.9026165078457457 -238.62178088511484 
-0.9033283075433436 0.04192972572974822 0.4268956078848507 355.0775886858055 0.062102275765087964 0.9975095899049164 0.033435406709075126 9.387945352151117 -0.42443054060277213 0.056714330688607185 -0.9036825807376355 -240.5484570517405 
-0.9041841054702203 0.042000072677342744 0.4250730413760298 355.903329988215 0.06227709606464236 0.9974825591377448 0.03391325049036009 9.464018427308133 -0.4225786013607439 0.05713612921740442 -0.9045235177586297 -242.30931211189395 
-0.9049744949118449 0.04313297108979659 0.4232737927076066 356.725317896456 0.06294846082747899 0.9974730217666484 0.03294029710216974 9.542014319413012 -0.4207833913143356 0.05645455510204797 -0.9054027979452879 -244.07855906803104 
-0.9057240215541312 0.045275336877438 0.4214429189057475 357.62756644405874 0.06459336810505224 0.9974091016221409 0.03166673136423874 9.627690246123228 -0.4189172962840953 0.05590372955584393 -0.906301868900911 -246.0333405754568 
-0.9063292474193497 0.047579273221184805 0.41988510485693337 358.44805095337296 0.0665665699867602 0.9973103559842653 0.03067485495287142 9.700049221106081 -0.41729629111737077 0.055751822124446154 -0.9070587331486027 -247.81831436348565 
-0.9069000045161746 0.0488537345007073 0.4185041071473623 359.26854389237445 0.06769855787395868 0.9972459089970712 0.030290318524019647 9.770195019220912 -0.4158717285448224 0.0558024072242882 -0.9077096464916008 -249.61021464468567 
-0.907624079773455 0.04869225184609666 0.4169503420557232 360.1706263223651 0.06759314696110466 0.9972412061161813 0.030678077737197645 9.84822500599062 -0.41430629223011395 0.05602714049972589 -0.908411394295178 -251.58784466063392 
-0.9084969758014256 0.04768287439699873 0.41516211512670426 360.9920746970168 0.06615090421989266 0.997352259385628 0.0302081061186257 9.91879781921347 -0.41262247906020283 0.05490731517774295 -0.9092457764656421 -253.38916906902682 
-0.9095231345925263 0.046581752066826174 0.4130348671563835 361.8117738972356 0.06438966800353235 0.9974948226339566 0.029292499533489693 9.990354370668705 -0.4106356603945071 0.0532373769730699 -0.9102440011215672 -255.19383614048948 
-0.9106831621277874 0.046272368900839536 0.4105058338744726 362.7101766409103 0.06366504713458972 0.9975558968469848 0.028792281504390414 10.060135153870279 -0.4081702429024146 0.05235551234277214 -0.9114032908375429 -257.18377499100865 
-0.9117878787242977 0.04652786342098541 0.40801717581072716 363.5221615461817 0.06385290985569488 0.9975396939144655 0.02893727714535656 10.119827584696957 -0.4056669536021103 0.052437735603222985 -0.9125155406784912 -258.99465801193884 
-0.9127333675677104 0.046019685926828556 0.4059556403411892 364.3283382004978 0.06392369536223738 0.9974840931320613 0.030647123410703078 10.178831748343237 -0.40352393729264446 0.05392282978816966 -0.9133787635569107 -260.80721122519367 
-0.9138726129234458 0.045194338233967686 0.40347777251811456 365.2089211142512 0.06289972982871132 0.997546636862354 0.030729990258758024 10.24944720009854 -0.4010990878925925 0.05346193238273848 -0.9144732629619634 -262.79826165135523 
-0.9148843012626617 0.04423929785392918 0.40128492830554524 366.0025770993539 0.06169666930280357 0.9976233265410305 0.030679314498815623 10.312391679889693 -0.398973988101509 0.052825959811210556 -0.9154393371118422 -264.6088922454144 
-0.9158897704244483 0.04328129629552913 0.39908977907176074 366.79623480915575 0.060493313119565496 0.9976985803627878 0.030628463576213273 10.375336906709167 -0.3968456807010711 0.052194552604141214 -0.9164001524877095 -266.4195194010911 
-0.916792028116886 0.0422441266863831 0.39712441999059667 367.57948807936515 0.05935504541812364 0.9977589141175751 0.0308889758443413 10.440678700611922 -0.3949295664728357 0.05189009799834929 -0.9172448202622249 -268.2302229450502 
-0.9175148147402611 0.04201436266359266 0.3954761081580285 368.4371639766875 0.0585340500780268 0.9978407566959221 0.029792451696381155 10.506561437838906 -0.3933704823186468 0.05048382748613972 -0.917992947587797 -270.22035603360354 
-0.9179237722880818 0.04052776314091104 0.39468144470337774 369.2125405193499 0.05700090033954234 0.9979203519144916 0.030097665735460136 10.5735381944468 -0.3926408692683582 0.050124553974741436 -0.9183249326200955 -272.0283300832451 
-0.9181362969287841 0.039947889022782165 0.3942459899055517 369.984437998705 0.05650823075745322 0.9979367541729185 0.030480410207563435 10.637912979585517 -0.3922149495957599 0.05026330772505948 -0.9184993403367842 -273.8347265363341 
-0.9180957586878686 0.038715550218652126 0.3944632786423496 370.83236436001187 0.05511189521579072 0.998019807054133 0.03031739732182716 10.710212418905227 -0.392508424662765 0.049573886247951233 -0.9184114390497088 -275.81821912224666 
-0.9178589665351925 0.03861275459842652 0.3950240079613319 371.6023575146385 0.05434110965378668 0.9981098544004053 0.028701274711763775 10.77054433744195 -0.39316913396327396 0.04780975895144719 -0.9182223391397785 -277.6160502614765 
-0.917495892242021 0.038499853707159554 0.3958775607354942 372.3723419668313 0.05357057452373451 0.9981968099111082 0.02707993762151022 10.827744554776293 -0.3941211588134761 0.04605311377212839 -0.9179039317836991 -279.4109543881641 
-0.9170332481626213 0.03799066998705233 0.3969971345555047 373.22096322826707 0.05271316970591334 0.9982650357269743 0.02623434684645981 10.88948977773393 -0.3953117125521241 0.04498473962033118 -0.9174448366324164 -281.38081700257584 
-0.9166232538257227 0.037063149053511185 0.3980303099023422 373.9944646258089 0.051932999926895554 0.9982952181691788 0.02663872472513234 10.942029580718593 -0.39636445432986267 0.04508857656709099 -0.916985411431575 -283.16940153411235 
-0.9161017679470534 0.0357386827136696 0.3993498358312338 374.7680382402669 0.051144643763654046 0.9982990872418699 0.02798497050045851 10.997907504245944 -0.3976704449571265 0.046061679903337906 -0.9163714007149347 -284.9552384528367 
-0.9154084067414281 0.03330225030460109 0.40114636111275803 375.7740926727077 0.04912527628511041 0.9983650856392303 0.029220946609523322 11.071554299892098 -0.3995174122925277 0.04645551981016146 -0.9155477743939637 -287.27232243898936 
-0.915109539539329 0.032430567653784985 0.40189897108519773 376.2389475210273 0.04820241000974963 0.9984109729555314 0.029190023071693116 11.107335763724482 -0.4003137081674431 0.046084561409588706 -0.9152186370062958 -288.3393998933096 
-0.9145012113315248 0.031191778053834524 0.4033789799481014 377.17056505759007 0.0467620521239603 0.9984906587473843 0.028804783290183406 11.179413449979693 -0.4018716854995638 0.045204832043933725 -0.9145795082329579 -290.469174705104 
-0.9138998711360006 0.030941231992361602 0.4047587672590773 378.02615109303144 0.04613086615989713 0.9985477834962425 0.027825669961524153 11.244989836354408 -0.40331002393648485 0.04410174278099764 -0.9140000362454098 -292.41578675561163 
-0.9134631515578963 0.031012678137401342 0.4057379431159689 378.80374910840374 0.04589985774694248 0.9985808133445105 0.027010422366026094 11.30229849710477 -0.4043244742941959 0.04329633356999738 -0.9135902541103632 -294.1824678512233 
-0.9132506994809536 0.030380689227440347 0.40626366753208754 379.5822809929722 0.045172428640169585 0.9986178559741132 0.026866894928788215 11.357068359011413 -0.40488593245522 0.042888121321445684 -0.9133608247509172 -295.94688722301026 
-0.913271451142288 0.028441074963176317 0.4063574236363742 380.44151299076907 0.04291273401593179 0.9987261607684966 0.02654342922093647 11.415873132827477 -0.4050848805680107 0.0416792585004294 -0.9133285741758833 -297.88311549992835 
-0.9136171876748267 0.026177768663728906 0.40573187306620584 381.2228346665537 0.03991518888081271 0.9988793561207324 0.025432462165272618 11.46760829230785 -0.4046114416240384 0.03943039350750057 -0.9136382384984387 -299.63922928822996 
-0.9143097085445662 0.02292315444911929 0.4043665168380381 382.008038990196 0.03582597033323136 0.9990608616016284 0.024369963291207015 11.542477929635432 -0.4034281388561018 0.036768511777362886 -0.914272289193424 -301.39547137821637 
-0.9153261957517844 0.018324696557545213 0.40229610371713154 382.8696353447659 0.030401988606256418 0.9992577860516576 0.02365579131612922 11.620922966177265 -0.40156404325370165 0.03388336227612046 -0.9152039348518952 -303.32134744489366 
-0.9163038190389935 0.013820809949083983 0.4002452882034258 383.6642656823018 0.025758789511147302 0.999368849703144 0.024461956286450485 11.678875776938582 -0.39965460367001465 0.032724413476369583 -0.916081500700909 -305.0749177178121 
-0.9171732124412778 0.0102342523092766 0.3983573180531512 384.4541207398697 0.02213542864693158 0.9994351178624478 0.025287709280410325 11.73406833795783 -0.39787350670804483 0.032011015009460166 -0.9168816569942198 -306.8296129462115 
-0.9179330470379937 0.008388279651119839 0.396646634133735 385.3187536638401 0.020118871989859774 0.9994743159692144 0.02542288228741172 11.796793027294266 -0.3962248834135242 0.03131658220708467 -0.9176192667752519 -308.76200932245564 
-0.9183159505646591 0.0081620285633175 0.39576405938959786 386.09453710653816 0.020187081031524393 0.9994521067324952 0.026229150746115065 11.850296242821173 -0.39533315414130665 0.032075964098611395 -0.9179775787273328 -310.5237149452427 
-0.9183700734299034 0.009096969792787495 0.39561805803365807 386.8634040558719 0.021540716319002975 0.9994026979232397 0.027023049161552713 11.895524556120149 -0.39513594096638915 0.03333905132001267 -0.9180174840810681 -312.2901095664835 
-0.9181378540394515 0.011511393002008648 0.3960938818658025 387.7804068382397 0.024011850720589947 0.9993573200566326 0.026615374570016753 11.95199407058315 -0.39553295453059306 0.03394752530323478 -0.9178241948631803 -314.4141204002881 
-0.9179058266034544 0.012829948125300486 0.3965908223013479 388.4710195036137 0.02407360014088991 0.9994366258782772 0.023385741414849982 12.007600710262203 -0.3960673697679793 0.03101327276348193 -0.9176975650126913 -316.00406876737213 
-0.9178609081636734 0.011650911115663127 0.39673114820546396 389.24014957944473 0.021562171184983766 0.9995566755078471 0.020531084955069553 12.069435012739186 -0.3963160760655762 0.027399061211491403 -0.9177052166395683 -317.7732131248167 
-0.9178881941914292 0.009273752106959417 0.39673070832284113 390.00961803370353 0.019775941095008992 0.9995537184925062 0.022389198685937358 12.125795303235599 -0.396346037205257 0.028396500151472662 -0.9176619545966592 -319.5467869706846 
-0.9176599623327967 0.00846041792664828 0.3972764897285422 390.85534988316357 0.020621639075119547 0.9994400740519785 0.026349319307086817 12.19454581298067 -0.3968311324065985 0.03237220317160141 -0.9173206081498667 -321.5017998723742 
-0.9174308020714277 0.010187172325795128 0.397764929744328 391.62135296142463 0.02258395957015884 0.9993938439943176 0.02649357709802781 12.258111884174381 -0.3972539418672827 0.03328912609739374 -0.9171047623252181 -323.277127977524 
-0.9171937788244702 0.011547940173370273 0.39827404075803263 392.3889145984616 0.023698792324173688 0.9993913409710729 0.02559912330428856 12.32560789749869 -0.3977360249005181 0.032917965778601906 -0.9169091925417212 -325.05345091534707 
-0.9170814722018661 0.011156568570411338 0.39854372243915387 393.2376249219792 0.02284121491879426 0.9994368460917881 0.024581900628198573 12.403616780071427 -0.39804504571676735 0.03164682394168857 -0.9168198435229863 -327.0073376279704 
-0.91726284325013 0.00924569255151015 0.3981750719991949 394.01058524540576 0.020302729969949068 0.999516203922293 0.023561780081704 12.46771076164588 -0.39776460587413587 0.02969638208639579 -0.9170067876395771 -328.78423455326816 
-0.9176087396650785 0.00615838448898565 0.3974371266423404 394.78579036858497 0.017096202507101275 0.9995661634501654 0.02398343054519267 12.534718878123476 -0.39711701907060515 0.02880206690869819 -0.9173159321999879 -330.5631809186668 
-0.91804845668143 0.002775782958560658 0.3964584728641144 395.6382810865998 0.014168207672380232 0.9995664640475526 0.02580980470803036 12.599034340268997 -0.3962149657792687 0.029311753131774115 -0.9176897772955191 -332.52275882947293 
-0.9183945862301112 0.000981444513577343 0.3956645236487057 396.41158613363876 0.012564527046857841 0.9995649364226138 0.026684652911219724 12.671073317829302 -0.3954662092247564 0.029478374135613262 -0.9180073573392573 -334.3078616076708 
-0.9187363826493589 9.035311291967592e-05 0.39487142918158985 397.2586833768517 0.012028696774641693 0.9995422942603769 0.027758108846658615 12.744295206714188 -0.3946882005055721 0.030252168868312692 -0.9183169583216207 -336.2720181253473 
-0.9190775905337071 0.0015694466797106417 0.39407348804758857 398.02494443820416 0.013577531113357333 0.9995244705153924 0.027685441509812152 12.813093597439583 -0.39384265790341083 0.03079560953178166 -0.9186618510100557 -338.05982901879077 
-0.9193176777334167 0.004858410941368325 0.3934862104486941 398.78626723199915 0.01638071149467942 0.9995295531043883 0.025929615512234088 12.87377057452979 -0.39317513357434813 0.030283133680432093 -0.918964771572465 -339.8482095906784 
-0.9193683053395207 0.00921559957650103 0.3932899520706565 399.5440627688698 0.019757915434304177 0.999545578714035 0.022765347982691555 12.93546384935166 -0.39290145062705056 0.02870032486571453 -0.9191326056079986 -341.6374035059061 
-0.9195361192381727 0.012671524712511237 0.3928011614052862 400.3776840270809 0.02199969626368646 0.9995725372554198 0.01925503457855348 13.004503976142686 -0.39238927709697613 0.026347202143515252 -0.9194218212591472 -343.60561050354477 
-0.9198286972007753 0.01139550830694397 0.39215469492138716 401.1382366700298 0.021250752675690262 0.9995577979216439 0.02079938341063845 13.058551465942605 -0.3917442779282219 0.027465448179126706 -0.9196641099275152 -345.39785681377447 
-0.9201318970006301 0.009471992931211433 0.39149402046327964 401.90101244030063 0.02105205536877603 0.9994582784758479 0.025297446450383624 13.12036301160571 -0.3910423366301201 0.03151873672517657 -0.9198328464267131 -347.19057321405336 
-0.9202440655474676 0.009318236310748696 0.39123397716937347 402.73482491968883 0.02115218100292659 0.9994394591044407 0.025949047665917976 13.185359872168732 -0.3907728892940271 0.03215490448666923 -0.9199253318961733 -349.1563013460018 
-0.9199605770480171 0.009446103105311155 0.39189705585661716 403.34058876738607 0.02162504386467431 0.9994102411164137 0.02667447638047789 13.238608904698847 -0.3914139753801011 0.033014253072503094 -0.9196222942790364 -350.58420665897575 
-0.9192374479289447 0.009466520097679223 0.39358975323310746 404.4018737840188 0.02228284239220843 0.9993593724942123 0.028005710479731518 13.335621399599 -0.3930725063942073 0.034514191456656663 -0.9188594998696561 -353.07905922983736 
-0.9187721370279622 0.009569026284737875 0.3946722544764164 405.2375839445148 0.02253334146988638 0.9993475438966719 0.02822650015241746 13.400650036268752 -0.3941446622755594 0.03482700169531879 -0.9183883004346105 -355.0344339590867 
-0.9183561049941755 0.010068671441565116 0.39562694642917345 405.9727396828125 0.02267714265496992 0.9993726002833669 0.02720575821930087 13.461041659877194 -0.395104818633729 0.03395625810207903 -0.9180082570903979 -356.74545832376197 
-0.9179389612295632 0.010570137140236916 0.3965807989453338 406.7078936837452 0.022820924729809556 0.9993965948866798 0.02618495360901176 13.521433970926866 -0.39606473582939405 0.0330865250230779 -0.9176262922277659 -358.4564812573931 
-0.9175207055706882 0.011073421303110714 0.39753380811324673 407.443045932441 0.02296468730971446 0.9994195275803212 0.02516408742554216 13.581826970832765 -0.39702441251379117 0.03221780629062348 -0.9172424075207842 -360.1675027643792 
-0.9172715250871782 0.010946153900528718 0.39811195079642114 408.20784146068013 0.022809225262601616 0.999425344150626 0.02507430912306942 13.642697644850202 -0.3976087205640234 0.03208057039194321 -0.9169940826860266 -361.9335035906515 
-0.9170219629492853 0.010819056099247716 0.39868993198503583 408.9726369585059 0.022653747842371612 0.999431129108718 0.024984518015442835 13.703568320519453 -0.3981928343831257 0.031943168411164465 -0.9167453877724284 -363.6995038448373 
-0.9167881625974721 0.009827311731597238 0.3992529063508981 409.8163628695163 0.022367030977381495 0.999391591924375 0.02676120673931432 13.767558189260566 -0.39874702135077855 0.033464454974221916 -0.9164501888170348 -365.64168060872373 
-0.9166072018526875 0.009124097789183631 0.39968485423992756 410.5839976993292 0.022055235774684174 0.9993711122635461 0.027765929129425354 13.82872486679804 -0.39918017271101314 0.034265589503413685 -0.9162319927073833 -367.40592401242003 
-0.91653116211864 0.009614410101943475 0.39984770392346775 411.3517561256576 0.02232739866365219 0.9993820312399623 0.027148539103702237 13.893262918284018 -0.39933960777897254 0.03381003643815267 -0.9161794390151424 -369.16811696593624 
-0.9164318772312355 0.009249429882231772 0.40008381220236994 412.1979108876195 0.02180786167309755 0.9994016176127091 0.026848168396109675 13.966849554872402 -0.3995960932892164 0.03332948510528269 -0.9160852105790378 -371.1061726145266 
-0.9164833340683621 0.009311541474972566 0.39996448332111917 412.96659352442634 0.02152724090163218 0.9994285603749585 0.02606013933098896 14.026297182475565 -0.39949328214155055 0.03249381056865764 -0.9161600707270092 -372.8678908461383 
-0.9165348814964018 0.009373445967073317 0.39984489975746085 413.73527614927764 0.021246611299800842 0.9994548028889847 0.025272094068413388 14.085745291165455 -0.3993900333065322 0.031658100407370576 -0.9162343430448577 -374.6296082852326 
-0.9167493375714394 0.008140161616245025 0.39937999975557775 414.5819154357283 0.02009607882710098 0.9994661932737291 0.0257580347932439 14.14775287672485 -0.3989571478851527 0.031639628793657726 -0.9164235556934642 -376.56859456503605 
-0.9170496775415082 0.006551644045674687 0.3987191483802567 415.3511341998368 0.018935326248868577 0.999452604811847 0.027128294960822065 14.209597654768217 -0.3983231709057649 0.032427866715921974 -0.9166717462337597 -378.33229164467963 
-0.9175400161495152 0.005038530817183993 0.3976115270171959 416.2714858777757 0.017250931170848912 0.9994826896123241 0.027143300350608683 14.284858243062391 -0.39726909045318637 0.03176422881938917 -0.9171522822725472 -380.4479947851437 
-0.917889531973308 0.004182902277991934 0.3968139424161057 416.95937799666706 0.015992625122412105 0.999522014229006 0.02645712023554392 14.3395365289698 -0.3965136177894868 0.030630805958494788 -0.9175176891823366 -382.033357714145 
-0.9182413069545472 0.003889741031819379 0.3960022305687082 417.7211843970475 0.015333449372451216 0.999551152200215 0.02573673741354846 14.399821777039246 -0.39572439090914296 0.029704611285086314 -0.917888799268506 -383.79478353950117 
-0.9186153021416055 0.001966642031426858 0.39514814123820985 418.7084686547861 0.015989108676734972 0.9993536519352687 0.03219669241802341 14.480135033781846 -0.3948294328982891 0.03589443593133222 -0.9180530015295884 -386.09130452082525 
-0.9189327521906147 0.00433464972444754 0.39439041862635943 419.310729975449 0.01911828281800947 0.9992537239043979 0.033563176303732935 14.54107870467731 -0.3939506240979279 0.03838236427903983 -0.9183298454617309 -387.5026716902541 
-0.9189196187586092 0.0075844485749691085 0.3943719119310826 420.06053101948186 0.022112104286854495 0.9992333927427905 0.032306067156768585 14.618364381669407 -0.39382457407763954 0.038407066500195805 -0.9183828761862809 -389.26103230998444 
-0.9188445224627914 0.010431242917231295 0.3944818464851368 420.8095317733896 0.023707173414239977 0.9993041589623504 0.02879527926886619 14.687996419072187 -0.3939069935057565 0.035810429211190854 -0.9184524477799891 -391.0165912790454 
-0.9189202002928502 0.01005330181811359 0.39431534476738545 421.63778101408815 0.022342638042153442 0.999396774025772 0.026587494445720596 14.759122403426087 -0.39381020563741964 0.03324182607737325 -0.9185905008018704 -392.9445349679034 
-0.9191089437181126 0.00879416117786098 0.3939053272432379 422.39123229935296 0.02081869188432558 0.9994382419508583 0.026263717240453028 14.818586931577332 -0.39345309461633 0.03233980648785335 -0.918775709561495 -394.6966325890671 
-0.9191790185936801 0.0085709973906888 0.3937467006986699 423.1439482950668 0.020537145622052822 0.9994460792495937 0.02618703052115829 14.881747647390133 -0.39330416147938574 0.03215699780345718 -0.9188458898421776 -396.4480833314448 
-0.9191545044395055 0.008291525688506357 0.39380990604710364 423.96992013228174 0.02036871134380972 0.999441335406195 0.02649779094127042 14.941811304602112 -0.3933702055023729 0.03237695963517752 -0.9188098928136357 -398.3744021534158 
-0.9191925813214588 0.008087911830545214 0.3937252578387729 424.72025155691745 0.020517267399377113 0.9994148000610631 0.027369680476142917 15.003262060170197 -0.39327350049436727 0.03323616897867879 -0.9188206114874304 -400.1247722799306 
-0.9192690622817973 0.007689774968370547 0.3935546379279299 425.47025949731415 0.020140525313225865 0.9994184313171045 0.027516515629157277 15.061189668131291 -0.39311417727164266 0.033221474003893775 -0.9188893200502117 -401.873451335361 
-0.9193909125528966 0.007152755859443909 0.3932800307064187 426.29532459173384 0.01942593461148517 0.9994402674906777 0.027235730603641636 15.127438727413006 -0.39286510275797626 0.03268011077368653 -0.9190152482969084 -403.7960552282984 
-0.9195407571839179 0.006999953850025815 0.3929322983520884 427.044455668027 0.01915052937243248 0.9994516761265272 0.027011192996838993 15.189732393766093 -0.3925277812780945 0.03236274981841402 -0.9191706036150608 -405.54489122844205 
-0.9197246738451722 0.006781096992788147 0.392505459353139 427.7924573824986 0.019051677121909992 0.9994436578007183 0.02737533043368319 15.25117857131617 -0.39210147140577106 0.03265564953889097 -0.9193421832272134 -407.2947355635583 
-0.9198293999976936 0.005947131322099995 0.39227350295321745 428.6153278760123 0.018342204058114382 0.9994435990826213 0.027857782285910848 15.321141593246287 -0.39188958189264644 0.03281956318877937 -0.9194266893314633 -409.21973384283166 
-0.9199468382706147 0.005238274982482936 0.39200812470343316 429.3631282355779 0.017323815038133312 0.9994771873108979 0.02729904200141703 15.378875085205983 -0.3916601921529336 0.03190473911380319 -0.9195566250567921 -410.96931397419525 
-0.9200391049919031 0.004050287364778244 0.3918056087826498 430.11220682246966 0.015832933619844232 0.999514175070524 0.026846456836047857 15.441782334589504 -0.3915065381427549 0.030903217921214705 -0.9196562547492606 -412.7195420212782 
-0.9198980148931174 0.0028464143905152094 0.3921473380427212 430.9373650630932 0.014827218723926613 0.99951109929663 0.027526644555768736 15.509714467727678 -0.391877278866386 0.031136155614456054 -0.9194904802747617 -414.64469444935986 
-0.9196782644344945 0.0018928979674505118 0.39266818239826917 431.6882817357816 0.014262096410804555 0.9994896017510657 0.028585464686899386 15.573890125094369 -0.3924136700653898 0.03188969751577957 -0.9192358587111056 -416.3959784367635 
