1.0 1.4792160378993638e-18 -7.52270313892768e-18 0.0 1.3510120599546416e-18 1.0 -1.524425328477961e-18 0.0 3.498983956776426e-18 -2.04963745415834e-18 0.9999999999999999 -2.220446049250313e-16 
0.9999910998803062 0.00014539734728310122 0.004216517201556217 0.005772025715417517 -0.0001491351352540742 0.9999995962416598 0.0008861570812707182 0.0012529505780285444 -0.0042163868099215395 -0.0008867779346312245 0.9999907178121685 1.4871035101749999 
0.9999639211949346 -0.00012696141553390113 0.00849353758660503 0.01840717083318988 0.00011720143807757361 0.9999993323462257 0.001149596226221687 0.003716594483842539 -0.00849367818217425 -0.001148559186079476 0.9999632684507421 2.9798176353139176 
0.9999126512358473 -0.0010001818607815872 0.013179131796639836 0.039841844028376594 0.0009818644896266886 0.9999985431664076 0.0013962852380985406 0.007826630560141434 -0.013180509618961547 -0.0013832230292321666 0.9999121765809176 4.627526744876951 
0.9998477757052556 -0.0006532659960203341 0.017435556644919567 0.06517777723711898 0.0006369010131519876 0.9999993514798241 0.0009441400174084742 0.009615481444207985 -0.017436162748768365 -0.0009328915118221321 0.9998475433604649 6.128222630169047 
0.9997522164098033 -0.0004475157169029865 0.02225545953906773 0.10084107989211727 0.00043430101470388026 0.999999726527692 0.0005986062272135313 0.011165738153948945 -0.022255722149512193 -0.0005887923249695325 0.9997521373755751 7.784273210361685 
0.9996464710541131 0.0005237635898379567 0.02658304988971465 0.13845296041184169 -0.0005811045598696334 0.9999975212637229 0.002149367586876771 0.014329940990664536 -0.026581859209455296 -0.0021640550764464683 0.9996442975722883 9.296323560491984 
0.9995202492539679 0.0009278678855117327 0.03095820316723667 0.1829949962726627 -0.0010335808479190018 0.999993689685537 0.003398866745187299 0.01763514577295111 -0.03095485524696138 -0.0034292336302772187 0.9995149010130175 10.810274345596799 
0.9993574498370749 0.0014406712906305508 0.03581357089123135 0.24143676254082463 -0.0015474088893659517 0.9999944431657739 0.0029528216964569954 0.021828385953040708 -0.035809119146227884 -0.003006342347504606 0.9993541259035168 12.478065761543398 
0.9991956449890442 0.0018385381264964394 0.04005849146771887 0.3011166334370475 -0.001924525027514755 0.9999959261092064 0.0021080699597568735 0.026604179699094677 -0.04005445396960412 -0.002183467747037554 0.9991951127127597 13.99609055086857 
0.9990215594079408 0.002343981826790004 0.04416366720219905 0.3668088665153087 -0.0024060289994131344 0.999996191782726 0.0013518256783344612 0.027500817933165944 -0.04416033197280719 -0.0014567620096924056 0.9990233946324323 15.516626079036872 
0.9988193669163504 0.001713957268486448 0.04854826996226875 0.44577516366410147 -0.0017870886498829778 0.9999973329745453 0.0014629931651220416 0.026934863792266173 -0.04854563474498526 -0.0015480259189361012 0.9988197660633708 17.192662095916923 
0.9986483960358261 0.0021744947208864004 0.051929303370309376 0.5227691710206961 -0.0022686656641210078 0.9999958873192486 0.001754562496417821 0.02378328018553666 -0.05192527640855222 -0.0018700011718671091 0.9986492221475503 18.716676906725706 
0.9985008401211194 0.0021601885047740684 0.05469374490109572 0.6051506992436728 -0.0022521890932879845 0.9999961507706364 0.0016205175433281782 0.02234885842675871 -0.05469003574295331 -0.001741268727765538 0.9985018618492806 20.240909190636923 
0.9983469240169099 0.002126705230086001 0.05743601906542284 0.6989312806960792 -0.0022320643487380213 0.9999959419909942 0.0017702766222553062 0.02177245362962099 -0.05743202322712089 -0.0018955510440905132 0.9983476196946639 21.91775000565509 
0.9982312439931305 0.0021496201926136725 0.059411804338011444 0.7875197560561396 -0.0022313093058588538 0.9999966543343706 0.001308651139355244 0.02148309865964937 -0.059408794627894966 -0.0014389025573364955 0.9982327007494749 23.442227311298257 
0.998150474467486 0.001603141895301429 0.06077055284273208 0.8797822831652495 -0.001696888815289858 0.9999974486522395 0.0014910562831831886 0.0217256873638888 -0.06076800963574124 -0.0015914193848378664 0.9981506482296938 24.966792691007157 
0.998137447629784 0.00015215496295755326 0.0610050187769471 0.9844600833808719 -0.00031733900989278595 0.9999963099515213 0.002698032240870317 0.024404225913323252 -0.061004385372513306 -0.0027123661362541285 0.9981338127769135 26.643802478815918 
0.9981974285395961 -0.0009156695269146512 0.060008791302050606 1.080102000816556 0.0006919176056448725 0.9999927318723072 0.0037493275686396495 0.027928433944639508 -0.06001179048793809 -0.003701047732429491 0.9981908071186624 28.16914719781116 
0.9983212201844344 -0.0013670867993796998 0.057903991556814784 1.1818401449880327 0.0011594388717796075 0.999992777363936 0.0036195204931674723 0.03526734901972228 -0.057908523651536724 -0.0035463077227864386 0.9983155947634154 29.84709020779278 
0.9984693304215927 -0.0003578290324230234 0.05530703408017705 1.2683556376297513 0.00019294997753616463 0.9999955218724502 0.002986470633031722 0.03970204471021477 -0.055307857073597956 -0.0029712276472902087 0.998464928226224 31.376077956428563 
0.9986326799787729 0.0010281985110886759 0.05226579340291466 1.3493113710514608 -0.0011937065712466172 0.9999943717074576 0.0031355402255411912 0.043919010822991655 -0.05226227718736439 -0.003193642730710935 0.9986282867819346 32.90905122294031 
0.9988184928632595 0.003836214775195134 0.04844483123497292 1.430742982615496 -0.003962428647301432 0.9999890006353983 0.002509531669674558 0.04885104900571979 -0.04843467303929446 -0.002698525644091991 0.9988227072520613 34.59769657478765 
0.9989665496429808 0.00548042916164945 0.045119812866432955 1.5013144391041164 -0.00552318009382108 0.9999844085518381 0.0008228671416182741 0.04969022277338042 -0.045114601362388776 -0.0010712215957456026 0.9989812437329619 36.135487751183206 
0.9991139944703445 0.007380885072547005 0.041433664232398124 1.5655594650787306 -0.007352147877590759 0.9999726147667507 -0.0008459360596424531 0.0478283377674823 -0.041438774825163324 0.0005405599603431632 0.9991408988844218 37.67775739427844 
0.999283453057507 0.008187457431361036 0.03695329412672849 1.6318188438958106 -0.008105918559039091 0.9999643713607106 -0.002355856912836848 0.042515512946172174 -0.036971267349410544 0.002054628107794545 0.9993142168332618 39.37859663619204 
0.9994350268105187 0.007800697016165621 0.0326921440591289 1.6884081611404498 -0.007705775827138222 0.9999657239648992 -0.00302851188640001 0.041099194212761425 -0.0327146491890103 0.0027748821231667973 0.999460880582522 40.9273835888404 
0.9995711517013648 0.007852982437308042 0.02821069547088229 1.7385170862050732 -0.007814006034787402 0.9999683576475544 -0.001491637335191338 0.0406191248267368 -0.028221517643778962 0.0012705588868968558 0.9996008861879293 42.481068106479015 
0.9996955996745613 0.0076529372855124985 0.023455074913804923 1.7847546817665956 -0.007649825713386957 0.9999707149001671 -0.00022243472027332748 0.039381798986882766 -0.02345609116231569 4.293971158140956e-05 0.9997248671399429 44.19544868552994 
0.9997803899553821 0.008021967129872602 0.019360266294380694 1.8187515003219796 -0.008029809658933735 0.9999677069725411 0.00032731686004294975 0.04017487296249078 -0.019357016073761463 -0.0004827042244146071 0.9998125189009122 45.75801850321305 
0.999845373082983 0.008586168384158856 0.015346258602107768 1.8463433910255564 -0.008618688107574528 0.9999607486554513 0.0020541006990093176 0.043119384909097946 -0.015328019950424704 -0.002186047483377885 0.9998801293249101 47.324518981767675 
0.9999012850327103 0.008613740147618596 0.011100616804166902 1.8697359167700935 -0.00865348913815602 0.9999563001780467 0.0035376300693268953 0.04881855616329467 -0.011069659896040251 -0.003633339529225928 0.9999321284388674 49.04972928868946 
0.9999236170831511 0.009718038174964054 0.007636737749761785 1.8838102261623049 -0.00975432458067628 0.9999412451430439 0.004728570447270307 0.055706768760903635 -0.007590336915846557 -0.004802699950465628 0.999959659618271 50.61989104546294 
0.999950235550171 0.009059635303255972 0.004177255490279289 1.8947708943319288 -0.009088084725161498 0.9999352927549211 0.006842294053448584 0.06689064086286467 -0.0041149966714566655 -0.0068799160216485725 0.9999678662622474 52.349508048449515 
0.9999336711656543 0.011485032437826087 0.0008644877530684257 1.8992323890340148 -0.011491905556161553 0.9998985617102589 0.008414413972102913 0.07966519656824766 -0.0007677602946734923 -0.008423789498295189 0.9999642245143439 53.921881243963576 
0.9999469892799949 0.01003018435898312 -0.0023268155188266968 1.8999774859463399 -0.010005600422128122 0.9998964030527284 0.010347516381362219 0.09693845358208053 0.0024303620250945256 -0.010323685472814552 0.9999437558417829 55.49722826291076 
0.9998550352244004 0.01609397832337784 -0.005558097342725007 1.8864170853999176 -0.016043249084298772 0.999830299966251 0.009054578423348107 0.1130299349747611 0.005702878504601506 -0.008964094840779127 0.999943559492388 57.22829551489438 
0.9997454884032664 0.021092581616381813 -0.008003840612481113 1.8683178602327817 -0.021062838491353833 0.9997709974508558 0.0037827830893439117 0.12499526370014025 0.0080817966560481 -0.0036132362831079808 0.9999608137736204 58.79992929486219 
0.999609198519095 0.02609163108581462 -0.010033795911076024 1.8454329039384318 -0.026056016580719044 0.9996537682830483 0.003664358569662198 0.13186425395390622 0.010125931341485124 -0.0034014853557042617 0.9999429460766609 60.378395290643645 
0.9995325265185339 0.028097470000966657 -0.012052412284569575 1.8213111551541568 -0.028034620308847482 0.9995926212885535 0.005352709885457762 0.1375018633889752 0.01219790042156617 -0.0050123222180283224 0.9999130401424573 62.11881512695686 
0.9995051330202301 0.02811797751013665 -0.014102072083829232 1.8006583020420157 -0.02807303300438488 0.9996001760910109 0.003375314612275776 0.1456281964586279 0.014191341264210268 -0.002977755958160006 0.9998948638734443 63.70058957207272 
0.9994493462842007 0.02903776247759698 -0.016056543477582376 1.7761891824884248 -0.0290437585099068 0.9995781312394629 -0.00014004988933290783 0.1512904348636318 0.016045703570458404 0.0006063151232466221 0.9998710755783973 65.28253207822462 
0.9993555603303006 0.03114880814878201 -0.01783860433755878 1.743678789889798 -0.031191541015980456 0.9995111729636481 -0.002121997525005085 0.1536400638496186 0.01776378730178688 0.002677043333917056 0.9998386276290686 67.0286435948764 
0.9992425333570246 0.03381847875995858 -0.01925279274038221 1.710497956413077 -0.0338098804448665 0.9994279841790689 0.0007722814830269119 0.15902162668761477 0.019267897920457175 -0.00012076180985192843 0.9998143495309437 68.6232917799404 
0.9991151132007938 0.036497458329182796 -0.020902777261152715 1.6696245363722426 -0.03644678024564895 0.9993316707978436 0.0028007069386152476 0.1670777236361145 0.0209910267640346 -0.0020363894007757494 0.9997775902251488 70.3783826546643 
0.9990028352764939 0.0383955701223096 -0.022784101455757214 1.6341160071311005 -0.038337171556346236 0.999260372632429 0.002994826257731148 0.17444221476027333 0.02288223859528002 -0.002118361601530569 0.9997359229844659 71.81503904886438 
0.9988726493892538 0.03985597135358348 -0.025786271757591694 1.586351870375123 -0.03977262502943925 0.9992017662007424 0.0037374791218989824 0.18502213969657355 0.02591465007625139 -0.00270767756417983 0.9996604920678974 73.5756436143506 
0.9987637114286332 0.04040657270314575 -0.0289544050042433 1.5338384598460708 -0.0402634709431407 0.9991739114987939 0.005508858626187571 0.19568487621421948 0.02915308124476835 -0.004336242656445957 0.9995655530602013 75.34078077010433 
0.9986766039678066 0.04033414721720044 -0.031909202510070525 1.4812095329606687 -0.04010578946908985 0.9991652676935433 0.007764890436488114 0.20830728484214223 0.03219575825187907 -0.0064748698139260865 0.9994606091411012 76.94838518895953 
0.998550776087706 0.04119774150942583 -0.03462793102966802 1.4234903639718264 -0.04093676717232058 0.9991279877228156 0.00821250793202086 0.22217291018946006 0.03493607307640369 -0.006783049736739263 0.9993665298837758 78.55662369983992 
0.9983750694464502 0.04325671345604162 -0.037095516799804294 1.3534256086099046 -0.043056294677938645 0.9990535009649404 0.006185285372141751 0.23776977097217694 0.03732796238731072 -0.004578038574047206 0.9992925821860819 80.32562394603423 
0.9982893802121878 0.043864951579581195 -0.03865461535451373 1.2880321913329307 -0.043640119584868776 0.9990252388336122 0.006641701444219483 0.2517252939113668 0.03890827564665315 -0.004943447299139115 0.9992305582012961 81.93883300132889 
0.9982655156991364 0.043860730672108994 -0.039270808232435436 1.2214667867091886 -0.043447309157184026 0.9989915827772194 0.01132028871783858 0.2662091095463611 0.03972772442306738 -0.009594441690743208 0.9991644782632318 83.55959328684465 
0.9982748134619467 0.04335344659094023 -0.03959640624938832 1.1486540708778135 -0.0427527913159416 0.9989592668609608 0.015892830611609943 0.2909424270536913 0.04024420736256171 -0.014172553877027146 0.9990893566148904 85.34569826926977 
0.99833600499254 0.04195148321888553 -0.03956379801918707 1.0818613946657107 -0.041264422731203336 0.9989856410761894 0.018025992751484213 0.3180279620035006 0.04027988467796559 -0.01636341830849163 0.9990544376733119 86.97089407613375 
0.9984116628409245 0.04061842869289591 -0.039042216727042174 1.0169382748179527 -0.03990564802471823 0.9990253267373833 0.018866262515433087 0.3481108897648442 0.03977048265812186 -0.0172782894729517 0.9990594423859367 88.59642014877696 
0.9985152382498215 0.038349520144536464 -0.03868634431845858 0.9474227052440438 -0.03770058228916856 0.9991381540400217 0.017367074727528336 0.38155263188414834 0.03931902301564599 -0.015882789115804385 0.99910047114483 90.38611485526982 
0.998570573799153 0.036575915336246025 -0.03897449831609488 0.8836647092554109 -0.03610071759988173 0.9992658245739463 0.012827706378589609 0.4062871763504412 0.03941507069971731 -0.011402361339570602 0.9991578645913579 92.01395899362348 
0.9984236742362833 0.04022893908246357 -0.039138205382140905 0.8056439598581209 -0.039898178459060366 0.9991614306518367 0.009196243368914447 0.42546659551516375 0.03947534180885092 -0.007620203000833798 0.9991914881147201 93.8104515292986 
0.9982306184754483 0.04450072907610132 -0.03943751199871815 0.7315449962045697 -0.04417017376957506 0.9989815266608674 0.009214402314958214 0.4406083450859386 0.039807394989069676 -0.007456135790530649 0.9991795521175831 95.44858434149137 
0.9981062577538831 0.046688129656490905 -0.04005142524947798 0.6584762178913477 -0.04629561978308711 0.9988707642900632 0.010672953059432177 0.4573109739327464 0.04050449941157418 -0.008798534552638768 0.9991406164013269 97.09202042633952 
0.9981356113152025 0.045351677245019144 -0.04084760320983101 0.5812306462863661 -0.04488709692901961 0.9989173195022382 0.012220368696712353 0.4784298013298015 0.04135759399593129 -0.010364053544113702 0.9990906544639333 98.90346955542056 
0.9983136874802742 0.04047498105768333 -0.04161198416531281 0.5153934367667037 -0.03993350344469018 0.9991075505284324 0.013762915022698507 0.49901655690662106 0.04213190279358378 -0.012077992625865968 0.9990390507295761 100.55470221765671 
0.9984425495005591 0.035867574252474096 -0.042731632527545485 0.44931576730774464 -0.03529006235095173 0.9992763123646939 0.01419376867575791 0.5192701431183089 0.043209805760207304 -0.012663659030894198 0.9989857578807497 102.20993581427179 
0.998488201276197 0.03330953693047241 -0.04372398228501835 0.37266850998664175 -0.03267712373695554 0.9993518881192299 0.015099977143530155 0.5452852601905486 0.044198619067441144 -0.013648373346748632 0.9989295290456858 104.03351783910647 
0.9984154615923555 0.034638095295147435 -0.04434826224941568 0.2957436682079149 -0.03392895580228587 0.9992856353076092 0.01664467032877637 0.5705545407787082 0.04489312268348536 -0.015113604118182753 0.9988774632181219 105.69461411307412 
0.9983205805036744 0.036726169255735464 -0.04480186356372985 0.21599476919320088 -0.03610663388693137 0.999241864648602 0.014560458500543511 0.5959746959685739 0.04530264916071118 -0.012918359286041755 0.9988897767018117 107.3552194866386 
0.9982576701539331 0.038342460170176805 -0.044849522418475 0.12599190263432203 -0.03774750872664103 0.9991886944754295 0.014038463387746189 0.6210992993125768 0.04535140658985616 -0.01232104447149571 0.9988951105157923 109.1903966879047 
0.9982304289113919 0.03936827038256542 -0.044566242951275585 0.04580351906175911 -0.038599665659974504 0.9990930184774888 0.01797793916272233 0.6467707987589687 0.04523358416103048 -0.016225881852460898 0.998844654407115 110.86658075825972 
0.9982335114570187 0.039706408508098805 -0.04419567461432692 -0.04107365015930209 -0.038822985688153275 0.9990322674536172 0.020671343394931613 0.68068780294654 0.044973691409051164 -0.018919017361239483 0.998809009704599 112.71152699419744 
0.9981826741898875 0.041623345490561285 -0.04357574982105544 -0.12041293194964903 -0.04079842461266261 0.9989741087369882 0.01965244768787574 0.7141361341793723 0.044349048022000744 -0.01783890866894143 0.9988568142051267 114.38651037863302 
0.9981032954446305 0.044198450756520166 -0.04285216996196544 -0.20089838130460053 -0.04344338071714956 0.9988865299078119 0.0183949213902858 0.7466788043222765 0.0436174839183185 -0.01649838650518762 0.9989120673762252 116.0639266907052 
0.9979708129782523 0.04764037302871826 -0.04224513191145362 -0.29056913017481967 -0.04692380284030971 0.9987399480409659 0.017795309307827897 0.7755731921897261 0.04303967754307646 -0.015776895119856325 0.9989487853484434 117.91503797735362 
0.9979683218344135 0.048129343097784785 -0.04174679405294907 -0.3675263363692009 -0.04739285895715121 0.9987058043067034 0.0184562588318465 0.8034054109618876 0.04258105464628279 -0.01644025971981201 0.9989577426767045 119.60046617210875 
0.9979905988950765 0.047991887249524655 -0.04137080061076639 -0.4427337185453527 -0.047197128835107516 0.9986857792837575 0.01997862399972081 0.8309715400439714 0.04227524360357458 -0.017985893736326895 0.9989440982387644 121.28765651256201 
0.9980236463243244 0.04748461652334437 -0.04115838242921086 -0.5233938956556844 -0.046669972585585306 0.9986992993985776 0.020533464594089033 0.8645138628168617 0.042079872865611184 -0.01857202037188877 0.9989416220967451 123.14334082787147 
0.9980150612770294 0.047551494514657365 -0.04128913544465986 -0.5975908655943465 -0.04672836744591169 0.9986935923231443 0.020677728557477924 0.89470475162684 0.042218453378933186 -0.018707308370547758 0.9989332504256323 124.8328349164614 
0.9980373733340805 0.04698781594207786 -0.041395005234621196 -0.671779971263877 -0.046163178446377004 0.9987202966314719 0.020657448457488913 0.9255103946191868 0.042312681778139356 -0.018705978314705336 0.998929288455574 126.52256358803054 
0.9980966283835113 0.0454437520006149 -0.041689155703607164 -0.7522358396486777 -0.044599966577438165 0.9987851876207762 0.020952137920591286 0.9589748571826152 0.042590656455294626 -0.019052920954753107 0.9989109180418803 128.38287616646977 
0.9981221257985338 0.04433228226602076 -0.04227139266709665 -0.8252960137752319 -0.04348302414352495 0.9988375481608519 0.020803343444637412 0.9911802433158677 0.04314451541777843 -0.018926187097966212 0.9988895585752511 130.07417261249083 
0.9981286332114949 0.043736495775528336 -0.04273582106132717 -0.8993922943639177 -0.04288554597884966 0.9988669669278585 0.020630376247219948 1.0237189783420475 0.04358970185814498 -0.018759017948588516 0.9988733839374746 131.76633481717388 
0.9981139028411181 0.04385995802879034 -0.04295277565666404 -0.9840904876411996 -0.04297311828522732 0.9988479187268096 0.021357585577384926 1.0564754752013317 0.0438400349143044 -0.019471486025945353 0.998848793646614 133.63189732250606 
0.9980985168577018 0.04403247200895486 -0.0431334203724331 -1.0618273159921412 -0.04310788440587843 0.9988251483570961 0.022136698444342757 1.0883810694139768 0.04405748010223974 -0.02023521293681649 0.9988240458659938 135.33116963457397 
0.9980828225704236 0.044618179693056016 -0.04289402317761594 -1.147522243064766 -0.04362779043378055 0.9987653932364774 0.0237551109015755 1.1268415494939514 0.04390097726833758 -0.021838194052379793 0.9987971753378632 137.20191542168374 
0.9981663305195382 0.04314218451392593 -0.04245854965784102 -1.2223717546397603 -0.04218493290935915 0.9988406658820611 0.0231895605932704 1.1636892091840294 0.04340977583310593 -0.02135592495934413 0.9988290723742148 138.90084469029284 
0.9982300637831539 0.04195872931061572 -0.04214504372288589 -1.2967290294787739 -0.04100646535926512 0.9988892349725259 0.023211336691700023 1.2007334868328607 0.04307215018160946 -0.02144203224648291 0.9988418438968778 140.6009962701987 
0.9983210785824691 0.04013357732594812 -0.0417650566766697 -1.3770378401694428 -0.03927130445720636 0.9990022662905269 0.021265856844555744 1.238815244463206 0.04257686267503876 -0.01958998251550427 0.9989011179014837 142.47099115708582 
0.9983248534675249 0.04014731621371739 -0.0416614915753749 -1.4514024705925854 -0.03932357419355512 0.9990181161941185 0.020407354059032715 1.2695126750030954 0.04243988681844006 -0.01873488772393378 0.9989233504064831 144.17448227615884 
0.9982803587904655 0.0416383793624385 -0.04126221683372885 -1.5266224295234943 -0.04075527364701129 0.9989265381081319 0.022017702462902283 1.3009909290691275 0.042134706339344984 -0.02029818452548138 0.9989057263913335 145.87895367561293 
0.9982068925199252 0.04380772972976588 -0.04079071520514976 -1.610464428317785 -0.04284563134619204 0.9987893089787853 0.024169573004425706 1.3382474471206591 0.04180014583163209 -0.022378527727415592 0.9988753422148874 147.75460349301767 
0.9981365066149185 0.04565951660083706 -0.04048113878200444 -1.6862353457083537 -0.044704993495955025 0.9987075654897587 0.024179791561144092 1.3743575245962207 0.041532858602909103 -0.02232502095099767 0.9988876889196154 149.45504857917672 
0.9981037046015919 0.046854498846225445 -0.039920554606210745 -1.761158930086579 -0.04591573956090438 0.9986541443010073 0.024117318897185904 1.409214632193666 0.04099683361882019 -0.022238600876310296 0.9989117599882805 151.1550271598924 
0.9981380814326754 0.04617369456213985 -0.0398542370663622 -1.8404534500395648 -0.04529481692288384 0.9987161485629191 0.022681143855021884 1.4452364586767064 0.040850343782031256 -0.020833720530663482 0.9989480494435026 153.02521244031516 
0.9982098129235063 0.04432966581693922 -0.040150342643307635 -1.9100952648144414 -0.04338208790510605 0.998766073340664 0.02417282176017121 1.479798736164486 0.04117237460997329 -0.02238773950468442 0.9989012086623302 154.72536395194587 
0.9982494811292982 0.04270963518649728 -0.040912839071887 -1.9861624947047505 -0.04164827881306804 0.9987820976904752 0.0264526430399852 1.5190235211824081 0.04199279542294897 -0.024702384905058567 0.9988124935542667 156.5955086477232 
0.9982722517896948 0.041157520771829575 -0.041935303901280585 -2.0565098551909777 -0.04012341769564469 0.9988766473043349 0.0252102146626557 1.5577306562191637 0.042925787193834775 -0.023484067227031682 0.9988022203403217 158.28891923998984 
0.9982608759925231 0.040446628904875326 -0.042886986350011445 -2.130869851917306 -0.03941391365456218 0.998918665198851 0.02465854457925536 1.5917110244062995 0.04383796769140061 -0.022925313579612337 0.9987755816837232 159.98662324376295 
0.998223580243568 0.04008369689811371 -0.044079258313521365 -2.2150539450229214 -0.03898545943756214 0.9989143752470242 0.025499117085760446 1.631478939101053 0.04505350523248265 -0.023735366961551586 0.9987025653325551 161.85129662817738 
0.9982041513660248 0.03890693982187186 -0.04554911808219845 -2.2927501368305845 -0.03777972021631332 0.9989644369797974 0.025352445175610895 1.6677771539908002 0.04648833678384476 -0.023586080246189207 0.9986403413374549 163.5440955986896 
0.9982034840573989 0.03726805389910733 -0.04691371344775999 -2.371457916037658 -0.036090711652788765 0.9990180537481281 0.025698032921600833 1.7057109585975774 0.04782536405168025 -0.02395871380727458 0.9985683324502473 165.23479583391236 
0.9981343346761226 0.037251339975300814 -0.048375484926137795 -2.461992963894105 -0.03598882676928736 0.9989951192652029 0.026712471165634157 1.7460438374303888 0.04932195040316563 -0.02492165468936657 0.998471960708527 167.09645803254494 
0.9980519924919075 0.037593666249082114 -0.04978891910627155 -2.5478463827417177 -0.03635091450278634 0.9990102282211387 0.025635424783433093 1.783433515783794 0.050703370820813796 -0.023775611171279225 0.9984307129172696 168.78767587858016 
0.997937903767353 0.03905533830622022 -0.05093741931378846 -2.637389324734234 -0.03778569133203557 0.9989564787707171 0.02565531408303919 1.8206802580388755 0.05188624382747838 -0.0236777018901552 0.998372267310349 170.4778567260282 
0.9977929181863471 0.041559632460038444 -0.051788891271293755 -2.739095166243001 -0.04029981741277179 0.9988713700209743 0.025137839417825113 1.8609342576937733 0.052775161998172594 -0.022995272499568068 0.9983416247582344 172.3363501083464 
0.9976843217661308 0.04305240041095383 -0.05265439012149452 -2.8327046796777093 -0.04186278312035069 0.9988471632759234 0.023491528452230206 1.8974468836876914 0.053605056785821836 -0.02123286772871076 0.9983364479136709 174.02191127700877 
0.9975728628664967 0.04534829682142047 -0.05283857593375935 -2.9288613238207204 -0.044129981312268134 0.9987374519796809 0.024000976787277705 1.9324429164122106 0.05386027001147321 -0.021610955123630652 0.9983145986860738 175.71179550270577 
0.9974702572310918 0.047492852376470475 -0.05289153762632372 -3.0358927719539373 -0.04621743108589844 0.9986164581089159 0.025082240839488467 1.9714356288124129 0.05400958903027546 -0.02257427548222989 0.9982852129484525 177.56991608750135 
0.9974494580663249 0.048420818761503046 -0.05244046859568968 -3.131696178044984 -0.04716890785607732 0.9985776754874263 0.02485397965451359 2.0057725721660127 0.05356933316114972 -0.0223170261918411 0.9983147183623378 179.2598856245875 
0.9975215315714464 0.047734507642666985 -0.05169342968968425 -3.2340105085113895 -0.046474683708358736 0.9985988826066291 0.02530564328795615 2.0479908046873603 0.052828955405966334 -0.022840485483303894 0.9983423329203113 181.1153815566738 
0.9975609121075398 0.047251469671636424 -0.05137630870398791 -3.3254128522142232 -0.04598517227330214 0.9986151403130189 0.025557105019472337 2.0844100933691774 0.05251277234251814 -0.023132217783001355 0.9983522971606603 182.804872822895 
0.9976190894600925 0.046065153816301066 -0.05132400808932041 -3.415569788660161 -0.04481399752498986 0.9986757381809543 0.02526807731817798 2.120651094356392 0.05242002137524969 -0.0229078795368689 0.9983623442516678 184.4924152409702 
0.9976073617472601 0.04624389485600817 -0.051391184381281874 -3.517007281268244 -0.044964175447459 0.9986557624453939 0.02578548432627166 2.1590551416937687 0.052514525491289404 -0.023413023922712953 0.9983456590411586 186.3480840718721 
0.9975793373269185 0.04699418948302817 -0.05125438267031626 -3.6095668363149156 -0.04562530204066249 0.9985784000906445 0.027559224286486543 2.197269200599423 0.05247664469069649 -0.025154012974591716 0.9983053026937297 188.0361333303074 
0.9975130699483056 0.048430763766683475 -0.051206798767024435 -3.7027534767167336 -0.04701781565228629 0.9984888930039271 0.028447420515996743 2.2373455762212284 0.0525071519547781 -0.025969038816381275 0.998282829665488 189.72005827296917 
0.997411254953162 0.05027658462703495 -0.05141063459265495 -3.8059771399151736 -0.048905142905084346 0.9984221320831501 0.027595893734952904 2.281437271359557 0.05271694453525031 -0.025010207548871257 0.9982962552629102 191.57267769737012 
0.9973299207013834 0.051630619119220705 -0.05164598964959721 -3.900132228126401 -0.0503279783395731 0.9983886692799266 0.02621373384945741 2.3192503176655808 0.05291620404570213 -0.023544499998772266 0.9983213570152814 193.25410129358073 
0.9972869390615683 0.051961402958796386 -0.052141860136543754 -3.9949925598881015 -0.05073656040248203 0.998410370975659 0.024546542608627517 2.353416982617643 0.053334448591400414 -0.02183444504702966 0.9983379656293442 194.93408058799125 
0.997263356946658 0.0517893898731554 -0.05276036188839112 -4.097749955796813 -0.05054857879156586 0.9984188878716272 0.02458791794634229 2.392740492183277 0.05395033700875612 -0.021853665618378176 0.9983044517838918 196.7823345197468 
0.9972347144214904 0.05167866833410498 -0.05340636094599528 -4.191968049054169 -0.050418090644485415 0.9984230100783767 0.024688241465173608 2.426022639236066 0.05459799701859327 -0.02192732200667216 0.9982676250829422 198.45829946546738 
0.997213384934356 0.051587727317274304 -0.053890361800042856 -4.286130491649255 -0.05028221962216585 0.9984143561825066 0.025307547204063478 2.461570113785059 0.05511047166547271 -0.022527295060849273 0.9982261051015281 200.1335333412428 
0.9971706011999301 0.051594672959197514 -0.054669750493880905 -4.392826400984224 -0.05028374871041587 0.9984197656213847 0.025090165760818166 2.4969448712363342 0.055877880340397396 -0.022270172964120604 0.9981892114748662 201.97697384778849 
0.9971425124383546 0.05129878257347696 -0.055454887875107155 -4.48759205071431 -0.05004061944288033 0.9984625080882326 0.023844423340716465 2.5290529492802882 0.05659281832023501 -0.021001288684955037 0.9981764367169695 203.64567600323974 
0.9971115332344455 0.05094198150477233 -0.056333867313115314 -4.59264335825849 -0.04966325259813735 0.9984806951945315 0.023871800061552543 2.56330657845249 0.0574643578249061 -0.02100512150336397 0.9981265613549264 205.47758632129637 
0.9971039536211519 0.050166067298764314 -0.05715829917821627 -4.689364575439136 -0.04881652795416047 0.9985006193576265 0.024768122871909732 2.5968198840889833 0.058315118508291915 -0.021906120849539953 0.9980578484501416 207.14325776999488 
0.9970885312762686 0.0495683932764201 -0.05794337743421783 -4.786944765421786 -0.048130360713925256 0.9985037467780802 0.02595642921552369 2.6327147522859256 0.059143300046090294 -0.023092019408673052 0.9979823789657781 208.80739925308788 
0.9970563970379175 0.04913696151198649 -0.058856604923595346 -4.897820646403672 -0.04777257258433478 0.998560918304315 0.02436952813714179 2.6669484896272455 0.059969352146861554 -0.021486059855082718 0.9979689504555163 210.63419381973839 
0.9969657042014483 0.04990451486395011 -0.059740470667452576 -5.0012333872243095 -0.048596446066272884 0.9985501090358523 0.023153084743914018 2.6988419715712815 0.060809299114422226 -0.02017965438662661 0.997945394667384 212.2919415869953 
0.9968829206627167 0.05062372967013267 -0.060511819246067085 -5.105462310732553 -0.04922821168719755 0.9984910451116248 0.024335492129975548 2.7305152521027742 0.06165246519713187 -0.02128074520544664 0.9978707849537302 213.94896166820263 
0.9968261288642518 0.0509185594089317 -0.061196151013357354 -5.2200655935571865 -0.04949011521618862 0.998470716733916 0.024636487090503832 2.7689341946072874 0.062357021401696355 -0.021529686842892262 0.9978216646842876 215.76848294070376 
0.9967398010868445 0.051719132998004014 -0.06192656924029406 -5.326022839632527 -0.050251475174570986 0.9984229374580179 0.02502853143024133 2.802455956870766 0.0631233633468538 -0.02183502929727229 0.9977668427762649 217.42229390736924 
0.9966960394015234 0.05160217494221257 -0.06272336364712829 -5.434124320348609 -0.05008654985265228 0.9984192533781193 0.025501611593046092 2.8362628971381056 0.06394015478670849 -0.022275755655087808 0.9977050903774528 219.0764781430215 
0.9966221984639095 0.05184496989365417 -0.06368902875670299 -5.554639962407126 -0.05030294990045398 0.9984063079790387 0.02558236907898706 2.8732409479366825 0.06491384751185354 -0.022292208148310025 0.997641844506375 220.89478780410542 
0.996521081151123 0.052780846576689924 -0.06449741701158192 -5.665900632671301 -0.05117344823447635 0.9983427352873444 0.02632605736903404 2.9092212243641398 0.0657800416403958 -0.022933913102658677 0.9975705598125109 222.54647147680092 
0.9963710140126854 0.05435947322106484 -0.06549694519740697 -5.791117377350709 -0.05265685087856644 0.9982353595580499 0.027448555656828626 2.950088709484389 0.06687345802946414 -0.02390007942412062 0.9974751760654945 224.3633274042719 
0.9962406501076768 0.05545937710760937 -0.06654941224910398 -5.90665917607025 -0.05371202156683287 0.9981703584878499 0.02776606585248055 2.9878007187104134 0.06796754180213156 -0.024087177072560497 0.9973967220809064 226.01453848533106 
0.9962045360341395 0.05459244867047378 -0.06779518157304945 -6.021639498822979 -0.05277970175677272 0.9982065309712408 0.02824933342968492 3.0247076517667097 0.06921579574746652 -0.024563901623676693 0.997299247174246 227.666730330664 
0.9961544255019019 0.05314251913437413 -0.0696579710598769 -6.149102171483019 -0.05128292183113284 0.99828539667605 0.028219300599181034 3.06535670154856 0.07103818250735472 -0.024538513875257715 0.9971717194291024 229.47667295227257 
0.9961094086035465 0.05161498613494761 -0.07142785888620656 -6.26614969104235 -0.04982602559222699 0.9984034672379161 0.026606088982832263 3.102832648455904 0.0726870974617895 -0.022943606399613594 0.997090856878501 231.11797601404245 
0.9960767962451881 0.05004027418211516 -0.07298620881818414 -6.386422773623383 -0.04837919699516897 0.998532115204629 0.024352995017578517 3.1374881443506446 0.07409770665557558 -0.020726436495187205 0.9970355785022877 232.75926551381767 
0.9959440431580429 0.05029106860483259 -0.07460744629275719 -6.52279683738439 -0.04870494712007863 0.9985499698206153 0.02293002520940147 3.1714331020228066 0.0756524414112096 -0.019203267874188253 0.9969493180332281 234.55754890527533 
0.9958470191195404 0.05057405477024437 -0.07570323118858512 -6.649649127704017 -0.04890626518373864 0.9985215351284487 0.02372596205387612 3.200280022134081 0.076791227460769 -0.01992506378536098 0.9968480823755295 236.19626932835877 
0.9957206360929767 0.05289494044847714 -0.07577954754844067 -6.788362890079223 -0.051056245513691804 0.9983572701539557 0.026000406218089838 3.2364754594196166 0.07703035490123733 -0.022020119090145653 0.9967855531092082 237.9927095761849 
0.995653106252872 0.055580679774877 -0.07473740504611147 -6.908625530712349 -0.05349304113562876 0.9981278713149964 0.02965210450339474 3.271918141220805 0.07624557383205591 -0.025525275729232872 0.996762295060606 239.62364774439746 
0.9956021140980301 0.058065380425606265 -0.07351762811762014 -7.030389358482123 -0.05599111536044671 0.9979813677662804 0.029969732558768333 3.311367030734592 0.07510942964464014 -0.02572159193324168 0.9968435049519018 241.2504455833096 
0.9956307805620018 0.05898655970410235 -0.07238738985566034 -7.152644443330913 -0.05710067118665848 0.9979798164071649 0.027853180626059876 3.342392319933427 0.0738841199597857 -0.02359811250376772 0.9969875957045065 242.8727368803306 
0.995710098218707 0.05876326646257373 -0.07147222163418986 -7.291265483667908 -0.05719330235825848 0.9980789317529495 0.023819580413534287 3.36670245670855 0.07273463755762369 -0.019629661911084728 0.9971581363918184 244.66104062273615 
0.9959500296302568 0.05574101879167878 -0.07054414922309225 -7.409890480661811 -0.05434144736839618 0.9982886023028424 0.02160726314557935 3.3900961992859386 0.07162783354285472 -0.017686280964661044 0.9972746106419463 246.2833162164318 
0.9961844387746451 0.052518687666453616 -0.06970187310737197 -7.536782881131333 -0.0511291081097549 0.9984590029207209 0.021573918661982466 3.41089913609563 0.07072749914066806 -0.017927805191308807 0.9973345550840597 248.06730492182737 
0.9963674960484068 0.0501872256924056 -0.06879720160816566 -7.645832148253372 -0.04877150288622435 0.9985652849651014 0.02210683885394919 3.4338711806020124 0.06980798062464978 -0.0186711904179849 0.9973856990054386 249.67444842775436 
0.9965292874439575 0.04805608770014742 -0.06797051919056771 -7.756779907619438 -0.04662583514697536 0.9986595446162947 0.022475443957751456 3.4372818737019055 0.0689594921011061 -0.01922825352892421 0.9974341395802871 251.2764806386347 
0.9965444466860619 0.04774474962160438 -0.06796767204535807 -7.8818605417555085 -0.04629075168878693 0.9986675457887525 0.022810073050559848 3.4471750590896724 0.06896617191349091 -0.019584974556060022 0.9974267371524078 253.02438256921872 
0.9965456308836714 0.047066519104383864 -0.06842183957449845 -7.995745605208834 -0.04562449418321895 0.9987054974751987 0.022488552024865917 3.446735560656085 0.06939172766258161 -0.019289154035139387 0.9974029861370384 254.6059206427633 
0.9965636917657874 0.04603929342995738 -0.06885631057830292 -8.10539789539287 -0.0446283419775646 0.9987637625065263 0.021891960023435904 3.453100706331564 0.06977908068106307 -0.018743787178479514 0.9973863596581548 256.16694429328317 
0.9964205814897623 0.04793295638046607 -0.06963085700823046 -8.233063632367225 -0.04645510147980924 0.9986626119370278 0.022691654912559193 3.4478996984696626 0.0706254141495889 -0.019375721032582643 0.9973147108120596 257.87483639327 
0.9962056095149088 0.051626740566014406 -0.07006470554366495 -8.352438020827611 -0.04997216978725135 0.9984334754694048 0.025166992111118912 3.450593255114046 0.0712542397661903 -0.021570210677941383 0.9972249291961208 259.4151597375617 
0.9958053603413252 0.05817776901980433 -0.07061891505765709 -8.475394610788106 -0.05638580902224263 0.9980409127636282 0.027110463935383446 3.4564367031280905 0.07205779530604807 -0.023014837804441683 0.9971348913040639 260.93833733208936 
0.9955098819721984 0.06247159316717484 -0.07111522018104044 -8.605220052531608 -0.06071287627418255 0.9977999394587731 0.026631330901166605 3.4700994976279245 0.07262246663768598 -0.022194140763459286 0.9971125300294365 262.58917731543244 
0.9954763535567706 0.062039492190089716 -0.07195783847946077 -8.714087679007893 -0.060664630304654056 0.9979343314392921 0.021139372030816575 3.4859700568271426 0.07312067595033063 -0.01667844719327613 0.9971836321672247 264.0648266042611 
0.9955468419585802 0.05862617095145689 -0.0738204387819401 -8.82764150106293 -0.057491056477517254 0.9981941909966957 0.017410793049410327 3.4795358144676003 0.07470786397569446 -0.013089243305847417 0.9971195549705766 265.67339881850324 
0.9954547391804117 0.058168025095233666 -0.07540784265499519 -8.933845264952982 -0.05728953687497655 0.9982627351937422 0.013763019373380217 3.4700520843070946 0.07607740965673916 -0.009380381184620114 0.9970577898700441 267.1164756963514 
0.9955620515681161 0.05535692112800923 -0.07610395801048955 -9.03581632555095 -0.054397367717295746 0.998412245790167 0.014625799971710346 3.4668474061537444 0.07679276564644925 -0.010421035023092044 0.9969926144792239 268.54394848160484 
0.9955116348231817 0.05595511669081085 -0.0763256805009049 -9.1522958825442 -0.05401812975494548 0.9981690893817543 0.0272123298897883 3.477904035897808 0.07770860685703491 -0.02296721764825684 0.9967115327115721 270.09976943889535 
0.9955103056588478 0.05497182959728687 -0.07705406505549944 -9.258130889741478 -0.052516309331566126 0.9980566269368079 0.033541123207422516 3.495666759240296 0.07874813995234937 -0.029343935112478667 0.9964625753123065 271.49006903916893 
0.995887050563584 0.04621880654950505 -0.07792819892819308 -9.360135668839025 -0.04380803017068806 0.9985154945885782 0.032367634042754855 3.5097394854526622 0.07930851031598919 -0.028820623183750723 0.9964334056769861 272.85556497863905 
0.9958436461422459 0.044799522791710754 -0.07929965288750461 -9.478676586152265 -0.042644704865083455 0.998679084200051 0.02866210160273856 3.512729298466277 0.0804789560539049 -0.02516125836268874 0.9964386829192177 274.3330440000368 
0.9958219745412683 0.04252800711326246 -0.08080818890547985 -9.584153744950145 -0.04089335841412554 0.9989261496836821 0.021777988980751596 3.518719068812289 0.08164759039386146 -0.018382479421129222 0.9964917237902332 275.6494119395853 
0.9958408486704574 0.040732623444214786 -0.08149759063082039 -9.691177739027209 -0.03915934220871495 0.9990162302520739 0.020811479586244856 3.523824424461986 0.08226512487011907 -0.017533527213275748 0.9964562332635282 276.9515342101745 
0.995620571553811 0.04533581472408099 -0.0817578200362149 -9.815446649138783 -0.04345672405074495 0.9987519197868181 0.02461942280242892 3.5265734710837364 0.08277192426070869 -0.020958674142923885 0.996348103162364 278.3602947658384 
0.9956234967970998 0.04415954485681945 -0.08236374788056142 -9.920403810794278 -0.04236666162317255 0.9988282786818483 0.023390934046592697 3.532622661286285 0.08330017649614446 -0.019799084009585348 0.9963277959685284 279.61622327650406 
0.9956223535154977 0.04207473502525845 -0.08346164151536183 -10.032222552669865 -0.040495624606781216 0.9989688930345643 0.020524502834744655 3.534459460821566 0.08423914966884974 -0.0170548203231678 0.9962996029988075 280.98057615683547 
0.9955313017863671 0.04220944209448426 -0.08447360479257345 -10.136952219376107 -0.04101136465127414 0.9990326519892723 0.01586909869153715 3.534842429753086 0.0850617182787074 -0.012333805017955396 0.9962993433339478 282.2062788168021 
0.9955353617853078 0.03938243738759133 -0.08578092339284236 -10.237543201750812 -0.038771811538749146 0.9992095731758216 0.008773570208264301 3.531829313929698 0.08605864754146998 -0.005408516737070051 0.9962753923197719 283.42607994419166 
0.9954634688064723 0.03920419111239351 -0.08669206090949734 -10.35129610270498 -0.038629476711696836 0.9992191503486836 0.008297778863460425 3.5289447978537574 0.0869496782981554 -0.004911265978563454 0.9962005988393987 284.77115932987687 
0.9953976793502523 0.03992572870749059 -0.08711713882908426 -10.458979808424967 -0.038962803697901234 0.9991596148038997 0.01272651223540597 3.5124425638788623 0.08755204530640714 -0.009273611460291075 0.9961167801547839 286.0037030882677 
0.9953527374260477 0.039517637936888755 -0.08781391766432363 -10.563944318797974 -0.03836644037842683 0.9991547278489045 0.014759610864583887 3.508284785935008 0.08832295914241324 -0.01132191009809251 0.9960275445246785 287.2228534060972 
0.9952505806757388 0.04032886398331706 -0.08859945896853455 -10.680443380694348 -0.03917290119012912 0.9991236047234207 0.014748096318054899 3.5054732078624253 0.08911658799962748 -0.011207352040672417 0.9959581463195449 288.55857486864375 
0.9951390237794989 0.0411683802788368 -0.08946221291974876 -10.787444491554357 -0.040094857260076076 0.9991010635453591 0.013764711952980882 3.5096261322195255 0.08994846621241206 -0.010110825949493979 0.9958950973115773 289.7645375908745 
0.9949838836569651 0.04331057241059987 -0.09017352873292325 -10.896408277209103 -0.042311920174314316 0.9990204153013591 0.012958058774507052 3.5145526011099055 0.09064642033573854 -0.009077643201660913 0.9958417660981591 290.96686155192447 
0.9948865899435387 0.04402458531445418 -0.09089834284611392 -11.019795269244327 -0.04312875511598531 0.998999868759421 0.011797150880149395 3.5060401746337377 0.09132680054601536 -0.007816493690828964 0.9957902982890341 292.2926979295276 
0.9947437199604775 0.04578894823418578 -0.09158768199771176 -11.134744772712676 -0.04493979650385133 0.9989256321964074 0.011313536700256196 3.5031818953578764 0.09200732141053339 -0.007138136717002285 0.9957327452959881 293.4939712147161 
0.994643871645553 0.046342796593840184 -0.09239000739812406 -11.259935516622209 -0.04554295595626828 0.9989045589542588 0.01074808580015547 3.496625024033777 0.09278689929908032 -0.006482802633325956 0.9956648858115145 294.81268689068287 
0.9945553741792261 0.04700226925403284 -0.0930074944924969 -11.373707338842522 -0.046184924543242786 0.9988731940495968 0.010922227118517917 3.4986503694341793 0.09341606593000926 -0.006567214550110606 0.9956054994687884 296.00818563750187 
0.9945358499553839 0.04738080252610253 -0.09302420307409746 -11.488355640567596 -0.04641885975375851 0.9988441175345029 0.012478718804392972 3.498556143174599 0.09350793311551132 -0.008092454587553182 0.9955856461771784 297.20474496198295 
0.9945206164865685 0.04770567687742837 -0.0930210267948343 -11.614632306403529 -0.04683907221845307 0.998836494199991 0.011478643919311983 3.4968844412265243 0.093460396144551 -0.007058728364986521 0.9955979755699634 298.51723908148114 
0.9945811420447406 0.04644161726925756 -0.093013588979849 -11.728874926419778 -0.0457211215931476 0.9989055472619466 0.009863405818885203 3.4932600153900806 0.09336986589761254 -0.005557270914774661 0.9956159827649178 299.7090603913098 
0.9946467848665937 0.045556649297630994 -0.09274893384360289 -11.840350343447776 -0.044878828218890277 0.998948381993499 0.00938194899513958 3.494268488743188 0.09307881092220024 -0.005169261082401419 0.995645325379821 300.89674726229885 
0.9947620703913853 0.04416443240033591 -0.09218419553390647 -11.961285134727756 -0.043491817454667875 0.9990105551964169 0.009293679890340916 3.49431859552343 0.09250343780438643 -0.005235741187281043 0.9956985996065726 302.20284048064997 
0.9947904123672033 0.04462991519873425 -0.09165263671010387 -12.072498105887975 -0.04400302024191342 0.9989921946576084 0.008850383678260559 3.4945000888106903 0.0919552638939059 -0.00477128319745145 0.9957517082817853 303.3878358468188 
0.9948525178782093 0.04476747171127691 -0.09090842004788582 -12.184267397773743 -0.04406905506528485 0.9989816230825749 0.009676528282520731 3.4889823131570648 0.09124903801721777 -0.00562046945860182 0.9958122431591796 304.5749641917375 
0.9948920354937393 0.04613287148351436 -0.08978638851501869 -12.307195399029641 -0.04530993150553474 0.9989103767534251 0.011183443367342416 3.485975859760981 0.09020448279232536 -0.0070581025607684734 0.995898255197485 305.87744512518157 
0.99500784788804 0.0463458818228798 -0.08838236005243522 -12.41413363961847 -0.04536451305749651 0.9988848480302127 0.013081338632520843 3.4918929081652927 0.08889006966878663 -0.00900661059258014 0.9960007212352014 307.0557932241462 
0.995136670143791 0.04621468005574557 -0.08698971652351795 -12.529084041895052 -0.04518924017277129 0.9988842006853342 0.013721744929968076 3.499610538241109 0.08752680266264029 -0.009724011006022507 0.9961147035543381 308.34726613877257 
0.9952884736874779 0.04493639441966496 -0.08591608881220227 -12.629643636061052 -0.04407853413916637 0.9989577040198355 0.01185700144748608 3.50425655669134 0.08635935282749081 -0.008014080459246417 0.9962318188566702 309.5162111242918 
0.9954552611980928 0.043476995595130796 -0.08472646304985575 -12.729194975354133 -0.04274542021572735 0.9990315474593018 0.010430546174996105 3.499530861950505 0.08509790137472076 -0.006761472787855819 0.9963496524170729 310.6889087705335 
0.9956129220631722 0.04255249133491681 -0.08333183455773796 -12.83486840706216 -0.04185016374048789 0.9990722625545279 0.010157659355571252 3.5026979602657975 0.08368676122842039 -0.006625644998108019 0.996470083354342 311.9725140994563 
0.9957356871155191 0.042192183857328584 -0.08203816663235716 -12.931121157620936 -0.041456035116676206 0.9990834945425188 0.010656835264224845 3.50487240927189 0.08241261633217246 -0.007210413010742952 0.9965722105308288 313.13988111893553 
0.9958209523846098 0.042826531708078576 -0.08066299482805349 -13.026899043601519 -0.04206687382124456 0.9990531969216634 0.011094498896730963 3.5060503724126555 0.08106176468911146 -0.007654893327781259 0.9966796842990256 314.3038157250505 
0.9958570007051099 0.04487483377998237 -0.07908908390309405 -13.138023867123389 -0.044127854611389926 0.9989634632325316 0.011168332387388078 3.491496217686123 0.07950828508662779 -0.0076320293001439984 0.9968049884024981 315.58818557172305 
0.9958746447286771 0.04686656584957514 -0.07769952853612148 -13.235418527321766 -0.04610308228423289 0.9988694261453955 0.01159204071389039 3.4877742555094504 0.07815496543721102 -0.007962030537005097 0.9969094279885451 316.74800013315746 
0.9959006121792534 0.048803649760630126 -0.07615887449037931 -13.33036374240722 -0.04807270554361526 0.998778750736326 0.011402726365630318 3.484921683908548 0.0766223629467167 -0.007694817921151729 0.9970304927291551 317.90450241152814 
0.9958781768608193 0.05159209630939142 -0.07459833887797737 -13.433982065042834 -0.05094825466075242 0.9986459960053878 0.010509526370015012 3.483427533546977 0.07503954363248602 -0.006665551816957136 0.9971582810480647 319.17381616677136 
0.9958838345088707 0.0534777800572434 -0.0731813835846988 -13.525412763550918 -0.05283954476105527 0.9985464237264606 0.010631195964915765 3.4843048892121713 0.07364354427697943 -0.006720564228504742 0.9972619829053736 320.32367740026274 
0.9960054493585202 0.053576119866857765 -0.07143349308644463 -13.624209879363386 -0.05290298959710692 0.9985359061806124 0.011283524142669086 3.4693606222623363 0.07193343778412359 -0.007459405131367002 0.997381540805689 321.5973447055317 
0.9960786802304408 0.054230320226845284 -0.06990232374246971 -13.710532108925518 -0.05366139999420981 0.9985091900363998 0.00999258355569955 3.463941184579502 0.07034001620455864 -0.00620234197243117 0.9975037910733356 322.7453660648584 
0.9962780903804261 0.052006103323354196 -0.06874104727420656 -13.792296045889731 -0.05163953265694131 0.9986405487996683 0.007100218016576006 3.458599833099053 0.06901685434259149 -0.003524035489485707 0.9976092697641734 323.89079604011533 
0.9964880185683331 0.04933463651880472 -0.06765886679666877 -13.876724757271102 -0.04919343404614694 0.9987822205263832 0.003752614404886072 3.456391381147647 0.06776160954376441 -0.00041106305058445734 0.997701456060166 325.1428442323587 
0.996639676779055 0.04813481393724271 -0.06627513969157198 -13.954736249382332 -0.0479545699744264 0.9988402240981332 0.004308832631649258 3.4519228803589237 0.0664056826462636 -0.0011161574197194562 0.9977920823619723 326.2848331445388 
0.996783236051067 0.04716883712684386 -0.06479414272011803 -14.031732287900478 -0.04665450685007401 0.9988665820469895 0.009429122565051852 3.4392676834653 0.06516546697080443 -0.0063758516110845155 0.9978541028324401 327.43049681414567 
0.9968643835452331 0.047130780867625906 -0.06356170323641466 -14.11746608913222 -0.04627384720129597 0.998817837068851 0.014888234325507307 3.432353218072085 0.06418825935525216 -0.011900304441811374 0.9978668499391959 328.687902702582 
0.996927706913299 0.04678038131989033 -0.06282310819086219 -14.192049527243439 -0.04582219822156421 0.998811542316078 0.016608106195166547 3.4372093897384186 0.06352538139602246 -0.013678386559184668 0.9978864803894051 329.82071924886 
0.9969818655321363 0.046100331437736376 -0.062465342866098825 -14.27334974592558 -0.04523091104234883 0.9988599589450028 0.015262607837264021 3.4393317433597046 0.06309774334851835 -0.012391177267247502 0.9979304252286035 331.06150156390845 
0.9970356432606785 0.04537853230880649 -0.062134649743378075 -14.34599336147667 -0.04464346867500928 0.9989161867530145 0.013168622988445044 3.4400346385131177 0.062664882418203 -0.010355678836560635 0.9979808978722725 332.1855597719851 
0.9970768770874434 0.044826801810151896 -0.061872925000638096 -14.41970752321293 -0.04417069405889206 0.9989527368319712 0.011932285572079695 3.433016458709736 0.06234301620471457 -0.009164434765435952 0.9980127061105563 333.3087746240136 
0.9971394286176903 0.043964975328726084 -0.061482035424905095 -14.49981281544015 -0.04339776841975004 0.9990023635397517 0.010531448396217067 3.423372151558731 0.061883715799554415 -0.007833138226503188 0.9980526277494386 334.5408031917175 
0.9971933136836382 0.043224328001378834 -0.061132253846428966 -14.57053844080332 -0.042722674549724685 0.9990418958898962 0.009490173640169117 3.4186588483212073 0.06148389137500619 -0.006851803353402137 0.9980845575328987 335.65382498614565 
0.997224190940248 0.043105548344651426 -0.06071099204330003 -14.643104254563381 -0.04256001781069795 0.9990413209751333 0.010251045227470841 3.4085428702251863 0.06109466881211003 -0.007638728330744523 0.99810274589482 336.76655081844154 
0.9972888556322058 0.04215877980166699 -0.06031231694752476 -14.717574333510788 -0.041575098811691594 0.999075916242704 0.010900678729662073 3.4037134771805007 0.06071614481157547 -0.008363633747607154 0.9981200326000126 337.98322989359303 
0.997294417210881 0.04264911470099364 -0.05987402000296867 -14.788493787423613 -0.04202195557178051 0.9990482302728723 0.011695678602147078 3.3896408572968615 0.06031584622708159 -0.009148010346280582 0.9981374217436855 339.0941840419589 
0.997357113076748 0.042047346395131156 -0.05925208451423998 -14.855933737562559 -0.04137983050711537 0.9990659339549756 0.012448666375180063 3.38360355655547 0.05972017468307318 -0.009963923430771111 0.9981654276952817 340.1983008512024 
0.9974316440467262 0.04126968170519976 -0.05853997520886545 -14.928222446507549 -0.04053507997531009 0.9990844388833943 0.013681788135115364 3.380442258621269 0.059051023439437744 -0.011273724395675994 0.9981913042316192 341.4123767770279 
0.9974987777965937 0.040713164993190436 -0.05778084776563822 -14.992327393942206 -0.039907408392624764 0.9990903098202096 0.015031687621995667 3.3823990113515663 0.05834027475876809 -0.012688204521415723 0.9982161198233048 342.50967637843496 
0.9976610999677347 0.0377561230871661 -0.05698073956109799 -15.06066662345831 -0.03701885740444989 0.9992173357714239 0.013939875268151903 3.376989648098158 0.05746246047632629 -0.011797907905406965 0.998277954816475 343.715633564222 
0.9978163558881824 0.03501408273442904 -0.05600476633078121 -15.119507535294675 -0.03428090996420059 0.9993141855797621 0.013999204560089682 3.3753307105346377 0.05645652877950561 -0.012048739386645737 0.998332353628119 344.80807068218934 
0.9979701159869829 0.03190876621959288 -0.05511332119239588 -15.175962445846743 -0.03113915779222519 0.9994059654932532 0.014767159292814554 3.3768037821637256 0.05555178579468019 -0.013020999618378087 0.9983708993762211 345.89688553469307 
0.99809428574465 0.029552057349950357 -0.054170772751527534 -15.237971903404215 -0.02877379493796232 0.9994720237333157 0.015091139667373271 3.380051688663666 0.054588148041267805 -0.013503679859717847 0.9984176404572757 347.0908175936712 
0.9981491318526388 0.029112958697600402 -0.05339237934464199 -15.294726352980563 -0.02841450120073724 0.999501037928319 0.013794611034489725 3.3853773088096557 0.053767342434375996 -0.012251959646231787 0.9984783234633182 348.16740096943704 
0.9982020825991568 0.029318303597193167 -0.05227847861354724 -15.353088693868168 -0.028781046141082994 0.9995252078268188 0.011000467599536828 3.376297434433182 0.052576174134453944 -0.009476059128460348 0.9985719554813718 349.24517610221653 
0.9982212353921257 0.0309113652716384 -0.05097894334428512 -15.416737031779155 -0.030563552242965534 0.9995040192781166 0.007588458783973044 3.369313705060971 0.05118823023550374 -0.0060168622697814875 0.9986708980004432 350.42317282115187 
0.9982418565522753 0.03244968956489919 -0.04960053857591991 -15.473320803946157 -0.03213918973853278 0.9994585729301654 0.007045102604042799 3.3582691404683 0.049802296688080505 -0.005438594418028158 0.9987442880893901 351.4943014794793 
0.9982533959762342 0.033953516894942 -0.04834579673278942 -15.528170490452409 -0.033649737888136716 0.999408581952664 0.007083887203152435 3.3492432878519423 0.04855772878845366 -0.005444690306726356 0.9988055378173178 352.5604823955364 
0.9982959328614937 0.035009668322875366 -0.046685688436081625 -15.586219642651663 -0.03471033351398284 0.9993714254828945 0.007207404503539495 3.336708402029204 0.046908673531254344 -0.005574646013073825 0.9988836267136917 353.73134425011625 
0.9983753692998604 0.03459828955111385 -0.045272290533599574 -15.636674001278086 -0.034259122761804525 0.9993789600158123 0.008246622865730044 3.323289642454897 0.04552949531179791 -0.006682235293395723 0.9989406452988578 354.7977072960408 
0.9984760285588413 0.034018485987446064 -0.04345529848997038 -15.69132380634754 -0.03355621448853554 0.9993726803538274 0.011323702481319682 3.311892251947766 0.043813254906073365 -0.00984824891055271 0.9989911965174094 355.9711858247454 
0.9985795546298547 0.03264752992408275 -0.042107147106239994 -15.73528749793052 -0.03219723391911979 0.9994173313649327 0.011328543387647457 3.3079737851708213 0.04245246306630211 -0.009956716882382387 0.999048873777588 357.0304057732239 
0.9986391332951925 0.032280821083505475 -0.04096132344491183 -15.784028058937666 -0.03196234420092924 0.9994537199269634 0.008406561133719468 3.303480426841637 0.04121031926317796 -0.007085900074964142 0.9991253673272636 358.1917369523173 
0.9986416746951275 0.0335438734356963 -0.039869964765819554 -15.828922536657066 -0.03332924296194495 0.9994261987710954 0.006036122021793974 3.2991014108207315 0.04004956368524636 -0.004699086607494602 0.9991866447590115 359.2467435361642 
0.9986015448183299 0.03615444427287269 -0.03857215068299935 -15.87639010191067 -0.03600300474785247 0.9993410305698411 0.004613922051493557 3.2876493335096195 0.038713547998623636 -0.0032187558820923985 0.9992451655331736 360.3040228784293 
0.9985355387933947 0.03914421167346677 -0.03734311725014631 -15.924436614816571 -0.03902044877436689 0.9992302543906404 0.004037736207901366 3.2732570288165865 0.037472427902734994 -0.0025746775002991416 0.9992943451306588 361.3618495187845 
0.9984738370231467 0.0412682178095923 -0.03670055738968026 -15.972688600440792 -0.04116867707542648 0.9991462047949031 0.0034643198400467552 3.2722105112391437 0.036812190265215046 -0.0019481189947946796 0.9993203027590744 362.51876530163656 
0.9984133555182485 0.04236801315956899 -0.03709073884949284 -16.01523650436235 -0.0422742218078308 0.9991005630827879 0.0033098438607535416 3.2711921319962407 0.037197610922129476 -0.0017366098841045373 0.9993064204511617 363.57108476366545 
0.9983562136891427 0.04298730694762658 -0.037907280935358084 -16.057320281837868 -0.04287418149999998 0.9990732806342685 0.0037926951434727905 3.2700735281706694 0.038035190647783663 -0.0021612167590383687 0.9992740632295021 364.623364488164 
0.9983385779131408 0.042201937613264316 -0.0392311130783868 -16.106234102413733 -0.042017769899079085 0.9991016827474909 0.005507684811212641 3.257824109478369 0.039428307483265326 -0.003850129781684448 0.999214984425381 365.7900156694285 
0.9982790944108747 0.04164681092855313 -0.04128429147212814 -16.15085265909742 -0.04136230561712892 0.9991143709366828 0.007722273510218798 3.2542495621374976 0.041569338460638934 -0.006001369915313654 0.9991175975289794 366.8500299759048 
0.998141054184257 0.04163269151153306 -0.0445101658289705 -16.204103121660278 -0.041311344749529674 0.9991133602891294 0.008115795301018655 3.25354685097063 0.044808585359764 -0.006261932823272624 0.9989759651343364 368.0165830124639 
0.9979968606487951 0.041102529890615566 -0.04809207916460742 -16.25512568003361 -0.04082757737980171 0.99914383558186 0.00668616369994895 3.2578232529761424 0.048325724422242616 -0.004709286619144568 0.9988205279383343 369.07465496246414 
0.9978521541638374 0.04021391816830578 -0.051709951828325135 -16.30964245885404 -0.04009288359805782 0.9991902526459802 0.00337634930080274 3.260437718925179 0.051803857942994136 -0.0012958960461462354 0.9986564379310678 370.1341783199252 
0.9977032425176073 0.03881554073792455 -0.055512102877150894 -16.376931735560905 -0.038875175311282074 0.9992440746562715 5.701277434327383e-06 3.254097122067876 0.05547036318928349 0.00215235445958192 0.9984580142677535 371.30817890925505 
0.9975480925119601 0.03851384079266573 -0.058433612617372566 -16.44101674291178 -0.03864921203367207 0.999252134193498 -0.0011877463821492573 3.2504615262180567 0.05834416956884654 0.0034432469926712846 0.9982905899659413 372.37809910419134 
0.9973155204440235 0.03992196433596396 -0.06138394997916311 -16.510186312967814 -0.040051449735767033 0.9991972313946765 -0.0008798744247799797 3.2483018472868057 0.06129954879027246 0.003336028398392247 0.9981138393644727 373.45379458597904 
0.9970403101519552 0.041526576903970214 -0.06470056559441997 -16.589663595665165 -0.041642160081212964 0.9991324929670541 -0.000438228327567014 3.245562911617583 0.06462624163110688 0.003131202441552051 0.9979046269937549 374.63944768941553 
0.9968451709166204 0.042143458742024194 -0.06725796559288076 -16.66661373523065 -0.04210552800759996 0.9991112028251221 0.00198215712406447 3.2369900609928464 0.06728172430531923 0.0008560284889791759 0.997733650286079 375.7302951001716 
0.9965685822872296 0.0442086937716236 -0.06997608159384612 -16.756568307300366 -0.043779824713482345 0.9990119028184874 0.007651473038644589 3.232519918450454 0.0702452025919342 -0.004561676330622318 0.9975193245020638 376.9369816121725 
0.9963239718208176 0.045187455247221835 -0.07277799698212013 -16.842723182519514 -0.04460096669580101 0.998958131908625 0.00966460233965587 3.2238301079383374 0.0731388933340027 -0.006383105031202788 0.997301337809103 378.0393450687697 
0.9960359443368172 0.04626588549102841 -0.07597279240260338 -16.9301041223798 -0.04590825416888886 0.9989248493202918 0.006448076466729781 3.222187898939178 0.0761894389295367 -0.0029347371177495473 0.9970890415988312 379.138229934903 
0.9957317965216034 0.04703097967605381 -0.07941206507247975 -17.03195438573474 -0.04706430863561633 0.9988908045998777 0.0014530744658509639 3.2181099085754146 0.07939232397986531 0.002290601452697298 0.9968408158871775 380.35460647587325 
0.99543471326806 0.048850093650186464 -0.08199633939010412 -17.12996107052248 -0.04895193845437013 0.9988008391649286 0.0007690964397064814 3.205084689093803 0.08193558600822444 0.0032482943239517496 0.9966323336732867 381.47403837203876 
0.9951438576272222 0.05113072128695453 -0.08410916499152325 -17.2309469799593 -0.050974157827045105 0.9986919245611918 0.004009385939308698 3.196977968616631 0.08420414971196759 0.0002974782641403013 0.9964484797942932 382.60067413683146 
0.9949333729100781 0.051350472380713275 -0.0864332812569972 -17.34256958587732 -0.0511055149352834 0.9986805117056927 0.005045989519756786 3.1873513583601927 0.08657835064193085 -0.0006032057132691426 0.9962448622514518 383.8445030333993 
0.9948186055337259 0.04983130382309624 -0.08861592914748123 -17.44436377612417 -0.04941629578037568 0.9987546246398805 0.0068723784097025195 3.1817815891206314 0.0888480318495056 -0.0024576984094076063 0.9960421613497803 384.9792327163433 
0.9947311076835029 0.047581623295077057 -0.0908075558260704 -17.548139456789873 -0.0469428677253639 0.9988555911651096 0.009158343843322744 3.1754433118762506 0.09113940702116524 -0.004847321623678173 0.9958263464094154 386.1220493880227 
0.994521750042757 0.046725717009905354 -0.09350505717214753 -17.668494693048512 -0.045869019632574205 0.9988836430708354 0.011291622238088479 3.168896672011923 0.093928284692483 -0.006940777548253689 0.9955547715708581 387.3848496798344 
0.9942976688120654 0.046211559557183444 -0.09610742531803562 -17.783521275708413 -0.04527902034061467 0.9989039429427986 0.011862679967400659 3.157622920663633 0.09655028252573827 -0.007443383849586581 0.9953002759229532 388.53909324046765 
0.9940282756389072 0.04637028667067169 -0.09878048070716122 -17.91144359961419 -0.045497313038519345 0.9989030880466947 0.011073178524312693 3.1585078845618204 0.09918559726557595 -0.006512805079195948 0.9950476375305732 389.80530750437674 
0.9938155323539742 0.0460227689860489 -0.10105736984000861 -18.032597226102244 -0.045325199871993 0.9989300192753728 0.009189283274777698 3.15573525155036 0.1013721603341364 -0.0045520061599001425 0.9948381600325437 390.9612710062588 
0.9937074933754618 0.0437917913091058 -0.10309071849687414 -18.15288552442282 -0.04323715322526908 0.9990358554933273 0.007609735866597357 3.1550087692487407 0.10332457185761469 -0.0031045017197047376 0.9946428480828879 392.1192886269064 
0.9935177765763338 0.04156537159795367 -0.10580523203297672 -18.289715605775015 -0.04106740895432449 0.999132678530966 0.006881762583298488 3.144984558570286 0.10599951174753812 -0.0024920061493096915 0.9943630593283763 393.40250355612704 
0.9933761584720694 0.03801248717434419 -0.10843826915813398 -18.414319563944634 -0.03760055996285315 0.9992757739937865 0.005841696517348463 3.1400023607779475 0.10858179669860343 -0.001725661907747683 0.9940860203614995 394.5683498694881 
0.9932178418792056 0.03447654475520715 -0.11103911948234095 -18.5406154876395 -0.03419376869412004 0.9994053125306194 0.004450557966592008 3.135110880739757 0.11112652980722784 -0.0006235272359817953 0.9938060706032066 395.73573369093646 
0.9929811250869143 0.03154767532250725 -0.11398784590989834 -18.68469215238942 -0.031069913897363268 0.999499408447166 0.0059659826943578775 3.1322557046197668 0.11411900158359842 -0.0023825150664908176 0.993464230610182 397.0262256310808 
0.9926178886123782 0.03187839964437727 -0.11701920538955923 -18.824255188182367 -0.031065369726196154 0.9994789171699653 0.008765667465117748 3.1257534048118374 0.11723766838928809 -0.005065712551246034 0.9930909666743651 398.20373884810164 
0.9922777521818352 0.03220118360698218 -0.11978291139743998 -18.969523795773064 -0.03132898074521534 0.9994671704153354 0.00915806851089317 3.118072379083789 0.12001399251220013 -0.005334670173504725 0.9927578674281193 399.3845516967301 
0.9918249740040838 0.03494591521736895 -0.12272735423404811 -19.135108938026487 -0.0348860814121348 0.9993878162136984 0.002637068045030702 3.1142394867724073 0.12274438175943211 0.0016659666696781422 0.9924369208041015 400.67320540722704 
0.99137294029112 0.04048304460883446 -0.12466280854061142 -19.29745977374478 -0.04121349372889207 0.9991449631245926 -0.0032849107798314185 3.1040650423056237 0.12442323859626733 0.008394360914815525 0.9921937274973763 401.85166887855416 
0.9907360731367981 0.04972718639019167 -0.1263694571583224 -19.48113348820989 -0.0507574603822143 0.9986987724428344 -0.004943911649086744 3.0922925874931066 0.1259591795283354 0.011312303379162558 0.9919709256706266 403.15132337788725 
0.9902204170821428 0.05645768789956832 -0.12757764055956056 -19.65115332549334 -0.057366162548788284 0.9983472280003424 -0.0034548423560311643 3.0755592594380134 0.12717173604397478 0.01073969422633062 0.9918225693248758 404.34580343280396 
0.989908201308498 0.06026505297199351 -0.12825706849647456 -19.81852816317719 -0.06060379491705597 0.9981611012042665 0.0012634557407075716 3.0666846458762227 0.12809736362499802 0.006522159484832273 0.991740151140941 405.545847212339 
0.9898286351756229 0.06061804144149109 -0.1287040219903269 -19.99770064732512 -0.05995346861518342 0.9981602809481314 0.009035229616832943 3.0656088861338833 0.1290149453555877 -0.0012270759575021782 0.9916418903442368 406.87569214381557 
0.989991939083957 0.05583750117545869 -0.12960761281946268 -20.1528532887186 -0.05424900822247485 0.9984031018547038 0.01575726813403723 3.074136631061404 0.13028049385145601 -0.008568482638086834 0.991440151775358 408.0908328493669 
0.9902828688018607 0.04798949976456222 -0.13052527354240737 -20.30332357415628 -0.04567388956366607 0.9987423544304509 0.020678621796911264 3.0885069949804755 0.1313534804611583 -0.014516085961555783 0.9912293109745626 409.3108719128335 
0.9904041554308258 0.04042099224948518 -0.1321580557558647 -20.473653497127543 -0.03801745529040047 0.999063462814965 0.020660842801033284 3.0971318989406225 0.13286942137748087 -0.015438269456138165 0.991013308298595 410.6600267329336 
0.990342238643934 0.03535863080620479 -0.1340597516394296 -20.633098209649383 -0.033859120624157336 0.9993361142758875 0.013449560141275432 3.104704391234459 0.1344463141793758 -0.008780520825306668 0.9908819766348351 411.88445794216784 
0.9901587821536537 0.034195747105590854 -0.13570643470081126 -20.819088095890816 -0.03378605233903746 0.9994149199414771 0.005321697346768704 3.1034935894994655 0.1358090199232705 -0.0006843402109865728 0.9907347992140474 413.2378244050268 
0.9899236275004923 0.036959262375051434 -0.1366939063448838 -20.994737760430006 -0.0368424239843024 0.9993153527104367 0.003385504989921215 3.1056052238279914 0.13672544997342653 0.001684743652107749 0.9906075477027549 414.47545970347267 
0.9897219947870391 0.03860834768250431 -0.13769447300181706 -21.17310437862621 -0.03836100724945053 0.9992540345047544 0.004450580938821221 3.104461133199124 0.1377635922616486 0.0008772611071356796 0.9904647513500642 415.72345340124 
0.9895241076509452 0.03925002616486366 -0.13892974907846617 -21.37064077685636 -0.0386530855881904 0.9992282184444724 0.0069933157731598885 3.101810722491164 0.1390970185390694 -0.0015499905112793234 0.9902775457319549 417.1063604876942 
0.9892877057756694 0.04043195344280088 -0.1402679281817153 -21.55328919389521 -0.039477175650192285 0.999174511054581 0.009583793514832874 3.0984333078461694 0.14053963514826626 -0.003943746624615821 0.9900671989536176 418.3720141254179 
0.9889271109994671 0.042362556077657536 -0.14222722058110948 -21.7403502694345 -0.04137061422275394 0.9990945679452582 0.009925554473897563 3.1009338287939974 0.14251892052382917 -0.003931621596487502 0.9897842695721265 419.6406357833614 
0.9884196941601896 0.04681518529576814 -0.14434280676860567 -21.951464512554413 -0.04626774096991943 0.9989034925508528 0.007149041885078672 3.1030333647791597 0.14451922277714144 -0.00038783775892350513 0.989501917381315 421.0392522031312 
0.9879493114201702 0.051625056914553394 -0.1459143952620576 -22.149471707889035 -0.051213238887663395 0.9986660642825942 0.006579995717137297 3.1103858383871272 0.14605945280184846 0.0009720468336786484 0.9892753368298319 422.3180266323094 
0.9875838387727283 0.05440843075606144 -0.14736988564330072 -22.34851973743928 -0.05360273729189519 0.9985177549513532 0.009436088306581717 3.1097519070539894 0.1476648554789779 -0.001419498478828788 0.9890364382482086 423.6114780307116 
0.9873485468483375 0.053612193124229615 -0.1492266025602486 -22.56468505182209 -0.05234260033571155 0.9985518845415579 0.012425225265006919 3.108225002335801 0.1496766542138609 -0.004457118769994318 0.9887249536623117 425.0434905221109 
0.9872364049312417 0.049223201590898116 -0.15146404310082817 -22.758347788435437 -0.04789809759993606 0.9987754174656405 0.01238700217283038 3.115777073758676 0.15188829629075806 -0.004974058987464584 0.9883851500948518 426.3487210891039 
0.9871068279389952 0.04423458883353488 -0.15382916028923613 -22.952709836909033 -0.04318874637874655 0.9990155169870079 0.010135535015340985 3.122888326612177 0.15412606491081504 -0.003361166423357767 0.988045474379798 427.6592725630606 
0.986824981053415 0.04167930678898802 -0.15633071136500473 -23.174921103406483 -0.040634032647775715 0.9991252713842091 0.0098776271116186 3.1344235953044715 0.15660566275212354 -0.003395141142423082 0.9876553752215768 429.1087455976944 
0.9866291295325468 0.04034453578692009 -0.15790908252467517 -23.3836332820175 -0.03884498263151118 0.999166152367999 0.012572482891376075 3.133391496779841 0.15828464713291693 -0.006270401134113918 0.9873736138657238 430.44158091949186 
0.9864463235245546 0.04057787153989622 -0.15898769224854992 -23.618026344213312 -0.038887490270827024 0.9991492603421372 0.013730211263745374 3.142043424608679 0.1594095836373943 -0.007361482809677952 0.9871850860056115 431.9105023141641 
0.9863619387893052 0.04046890025880701 -0.1595380611474383 -23.832957425581487 -0.03901332459428074 0.9991636407272437 0.012246615555709954 3.147764057515737 0.15990024287074375 -0.005855484192659456 0.9871158120807911 433.2516122791238 
0.986248632569674 0.040498114338023666 -0.16022963713586655 -24.05024572483173 -0.039835058965456874 0.9991792396095692 0.007349506480064465 3.153953404252468 0.16039577397783153 -0.0008656831375910736 0.9870524034318241 434.5923521728325 
0.986064473319232 0.04246899351645725 -0.1608516028928682 -24.294435468312184 -0.04256336921830499 0.9990896743011454 0.002860481732385365 3.149400368610096 0.1608266631812065 0.004025766726530128 0.986974456840854 436.0744929337714 
0.9857985203260011 0.04864438971363903 -0.16073269650821626 -24.52549626186315 -0.048547322684270075 0.998810595730504 0.004533367277847398 3.140417841249462 0.16076204908851588 0.0033341553858118756 0.9869875621425868 437.4327945194917 
0.9855391846911856 0.05423500744749758 -0.16053372980214728 -24.757915275445132 -0.05373221386891095 0.9985274045726109 0.007474735376405752 3.133132376659846 0.16070272673751607 0.0012591883907634288 0.9870020511155091 438.7968372487762 
0.985424525193708 0.05740213684744492 -0.16013587605023763 -25.009198477088788 -0.056543719798383144 0.9983508802197741 0.009916043116128578 3.13056733913622 0.16044100070143477 -0.0007168334511702952 0.9870451723614956 440.30103343966374 
0.9853932547246625 0.05747802997329019 -0.16030099368701622 -25.23252721361295 -0.056501142567713554 0.9983457373441523 0.010649404290262615 3.133568813333915 0.16064792635207215 -0.001436661250029411 0.9870107297305734 441.66835017646986 
0.985464508494393 0.05400362273303761 -0.16106927151076533 -25.45094555891061 -0.05311456478929309 0.9985401048245449 0.009823554373165896 3.129094243635343 0.161364640643512 -0.0011256393532274073 0.9868942124333028 443.0421263677573 
0.9854956166780782 0.052500829775008126 -0.16137549810786422 -25.693517180732126 -0.05092293488755558 0.9986058338431053 0.013901203572711292 3.132900641632655 0.16188034444069327 -0.005481860133013344 0.9867951682801746 444.55696250753977 
0.9854902086312904 0.05312552967162363 -0.16120398814079517 -25.91776709914566 -0.05073576911831591 0.9985331135520055 0.01890775058313061 3.137702407596426 0.1619720103185349 -0.010454593101331698 0.9867399709107372 445.93825390673925 
0.9854346651596374 0.05369898126625421 -0.16135346016826513 -26.16555543831504 -0.05124203951351865 0.9984987285277542 0.019353105228637892 3.1550201878674553 0.16215047272088068 -0.01080313870627288 0.9867069054323366 447.4506383700438 
0.9853601091446529 0.05388149990243327 -0.1617474521093466 -26.390472218170924 -0.05192472017063079 0.9985179060980304 0.01630382773757765 3.1677800828885143 0.16238620777051524 -0.007666448965851089 0.9866974946430704 448.824214270447 
0.9853516238813489 0.0537121488870436 -0.1618554335391573 -26.61613660136779 -0.05214658901164084 0.9985425829064588 0.013908397946018157 3.1784445033146547 0.16236659849142096 -0.005264452681048212 0.9867164608366457 450.20114186530634 
0.9855327442739015 0.05258542937512031 -0.16112101536317286 -26.862992711123322 -0.05130827593689377 0.9986098005654132 0.012080032188920703 3.184451806917965 0.16153226455878764 -0.00363842489894381 0.9868607248329907 451.7196042238615 
0.9857990476565024 0.05085316682602763 -0.16004434417872507 -27.084573217806565 -0.049617903205877396 0.9986996502557247 0.011707791648073238 3.191238332365768 0.16043161465934652 -0.0036004642268792626 0.9870403915291999 453.10122264079854 
0.9859962758308839 0.04964095113366019 -0.15920778586429543 -27.306118880271367 -0.04807365520727597 0.9987500662879684 0.013683160463816048 3.197862218474157 0.15968803757350078 -0.005837843948978272 0.9871502677185605 454.48812045255687 
0.9860968266356583 0.049635355122533135 -0.1585855576320976 -27.54935583197052 -0.04817713495502616 0.9987538298615697 0.01302885716083703 3.2093630380110163 0.1590346307637274 -0.005207515857032777 0.9872592713230702 456.01199798125975 
0.9861314033188497 0.05052858367353304 -0.15808768669784665 -27.77277649197773 -0.04975330484443729 0.9987222340786347 0.008860470292720269 3.214186231946419 0.15833340040542235 -0.0008722026019555144 0.9873853221482349 457.39742013061016 
0.9861768494854573 0.052378693578939366 -0.15719953261254124 -27.99614846359407 -0.05201657804424015 0.9986255873949882 0.006419653212547859 3.215631057706203 0.15731973436361524 0.0018460685964294557 0.9875459958989312 458.7870347150704 
0.9861804329849525 0.05515685102380208 -0.1562237959414895 -28.241920771491362 -0.05431356861079388 0.9984771536678266 0.009664886822315418 3.2215652082343746 0.156518981514166 -0.0010462498616878222 0.9876743970470452 460.3239587259159 
0.9863598116419752 0.054585240946694445 -0.15528931869444768 -28.46065916483511 -0.05318725955702297 0.998498016560068 0.013146349750235268 3.227366841170015 0.1557736790261383 -0.004707616796030515 0.9877815548233556 461.7283639101171 
0.9864830989775029 0.05442435093659782 -0.15456094111603402 -28.700760240144795 -0.05278464066001997 0.9984977746805361 0.014696116293822949 3.240254902407044 0.15512858796783943 -0.006339025454766118 0.9878739488031226 463.2740973002396 
0.9866362182364637 0.05253363311001464 -0.1542374446827558 -28.918784488712998 -0.05078489221542998 0.9985930386269385 0.015259032578727781 3.2462620608776396 0.15482205658202713 -0.0072221809409560855 0.9879159739904299 464.6858695280794 
0.9865872049954908 0.05295562878606197 -0.15440656527066043 -29.137861847210036 -0.0511119318417774 0.9985665295096374 0.015888886641554068 3.258723564137428 0.15502663961168411 -0.007783753104430075 0.9878796257472191 466.0977739668689 
0.9864104253282523 0.05371899931946197 -0.15526989720454057 -29.38322666215692 -0.05227648801260864 0.9985432550567267 0.013361764030294602 3.268778180000702 0.155761494806598 -0.005063217412300635 0.9877817174592659 467.65161807426625 
0.9862699198678366 0.053682811944164216 -0.1561723404396346 -29.60695312669834 -0.0530194682435589 0.9985580377116994 0.008413171878597947 3.280602630312057 0.15639879422124012 -1.7483478785433827e-05 0.9876939898851304 469.0649898962396 
0.9861940208435065 0.053912167493809546 -0.15657212553488653 -29.832911227459334 -0.05304367683933041 0.9985448560518748 0.00972311447127608 3.2925417201154294 0.15686849042683637 -0.0012837155488721406 0.9876186660773497 470.48825709457805 
0.9861200672249318 0.05401564004211005 -0.15700166460010573 -30.08465528061002 -0.05242122611307576 0.9985229341954911 0.014281635023835842 3.2949615197518973 0.15754120017617423 -0.005853186026271154 0.9874950689799927 472.0696400623286 
0.9861978725819672 0.05176795918262685 -0.15726993857132873 -30.311004827865748 -0.04987007996180552 0.9986276641561318 0.01599261225776806 3.3093674157645103 0.15788202201270118 -0.007928814431955155 0.987426150061546 473.506306390108 
0.9862827901659513 0.04961026349093807 -0.15743277505086722 -30.53698948663877 -0.04804155076972021 0.9987506028020301 0.013756559076728823 3.3263468709165314 0.15791855122661672 -0.006004541693453328 0.9874338851086369 474.94282711680285 
0.9863771691955548 0.0474346961702804 -0.15751199570217408 -30.78603739672443 -0.04622097401247282 0.9988666226855745 0.01136185453870309 3.345448017776933 0.15787242702469656 -0.003926715175262693 0.9874517094519983 476.5262537907285 
0.9865196983302759 0.045630668273844446 -0.15715192025611982 -31.01505241399543 -0.04479264151784076 0.9989569092797842 0.008872020232743145 3.348691388748085 0.15739283847435764 -0.0017131724698436668 0.9875345868581702 477.973411912493 
0.986765584204157 0.045041313485605944 -0.1557721446556182 -31.24406843139509 -0.04441283200822671 0.9989850012694977 0.0075144967298404345 3.3496026384308326 0.15595250459605697 -0.000496764181033716 0.9877644305831035 479.4248612114834 
0.9871284602997942 0.045214956125738386 -0.1534047253947042 -31.49450857241889 -0.044540869458139176 0.9989768785050637 0.00782989343849335 3.351671235818955 0.1536018075910697 -0.0008963302841148889 0.988132421318617 481.02904157481015 
0.9874012047119316 0.0466023813238841 -0.1512186435730464 -31.720382797068563 -0.04580509982158847 0.9989120436866313 0.008753393137948885 3.3566370170742488 0.15146205875989383 -0.001716525255132139 0.9884615819738597 482.4900791999719 
0.9875977422071537 0.04913236248329461 -0.14911978312148805 -31.967444762304993 -0.048284091505265636 0.9987902929368546 0.009305769672778042 3.361977346941891 0.14939661173915797 -0.0019902432273287813 0.9887753496381869 484.10110046716443 
0.9876827167499512 0.05307605068240035 -0.14719301284643996 -32.19153434534277 -0.05204777825067822 0.9985858546530175 0.010831427110205473 3.3672152957942707 0.14755975526032325 -0.0030369433079645704 0.9890484802588129 485.5696976376909 
0.9876634130083114 0.058860428518291985 -0.14510834457800997 -32.41558584660211 -0.05756588610387194 0.9982556564640805 0.013107757629795968 3.372278940947051 0.14562675928497784 -0.004592761272009089 0.9893289413545744 487.04095053620665 
0.9877552394445951 0.0629933445448299 -0.14272849949677086 -32.65755029198462 -0.06152707989920346 0.997997631461445 0.014667866485233085 3.378932920523316 0.14336668760032678 -0.005706593128061832 0.989653185886239 488.6630651478817 
0.9880333772086206 0.06312573081686025 -0.14073090180910797 -32.86924540865302 -0.06145787229562789 0.9979786768661779 0.01617067494906619 3.3926310464760334 0.14146722997551503 -0.00732814355756889 0.9899158155048512 490.1378071726152 
0.9886289788387148 0.05682000798776385 -0.1392272533733315 -33.06815519386703 -0.05511248530491456 0.998350465175908 0.016092322478266228 3.4102503483445954 0.1399119641238483 -0.008236175052510349 0.9901296926817417 491.613902197347 
0.9892496678212797 0.04742438063478661 -0.138333011727555 -33.28019978381502 -0.045766428690886686 0.9988373805059867 0.015143361856071477 3.4218840989067867 0.13889035265263697 -0.008649556396409052 0.9902699913245718 493.240267396499 
0.9897065070938732 0.039161606148566994 -0.13764954699520374 -33.490552534462374 -0.037692597898484594 0.9992013537997886 0.013263584076858905 3.4328822251365994 0.1380590419601874 -0.007938685156067913 0.9903921843435164 494.8667870593866 
0.989929316482516 0.03462073737105358 -0.13726380553849254 -33.68498391225642 -0.03348267362277967 0.9993831691201801 0.01059206545382238 3.442438669247133 0.1375458470849263 -0.005889435865037392 0.9904778922783257 496.3441042981269 
0.9899316531130454 0.0349687987914452 -0.13715868428092207 -33.886814913049896 -0.033809545684386044 0.9993702277522645 0.010773231141304478 3.447358658057346 0.13744903748029963 -0.006027488646462169 0.9904905007481991 497.82503446115743 
0.9899158314346208 0.034806313197883514 -0.13731411665881788 -34.090906223546064 -0.03362042132197161 0.9993747205605047 0.01094692561585212 3.4534374305504754 0.13760928407195913 -0.0062199754302931865 0.9904670602498797 499.3082672495414 
0.9897403566984208 0.0376545909594778 -0.1378265485244616 -34.32153498024315 -0.03690502858865465 0.9992868285817407 0.007990813813868652 3.449796242439358 0.1380291504043443 -0.0028223375015324305 0.9904241458366124 500.9405288687399 
0.9897942385948925 0.034423672551499356 -0.13828367728109564 -34.52540509384522 -0.03435727753143527 0.9994054997282303 0.002867854861177334 3.4482007452293377 0.13830019472599875 0.0019124646160084055 0.9903885092376502 502.4229613170528 
0.9897693900398468 0.03313887123628478 -0.13877452628281564 -34.7503757157527 -0.03271127561000449 0.9994504621418763 0.005361544944222793 3.442821566140029 0.13887594502043116 -0.0007672008276036482 0.9903094889548696 504.0636499272528 
0.9897860926719738 0.030991724754731068 -0.13915100843161574 -34.953791180213194 -0.029770196240456653 0.999497860684354 0.01085181514936708 3.4465946907734852 0.13941745675833658 -0.006598421753165479 0.9902117118045571 505.561946613189 
0.9897365159504683 0.03098762095900408 -0.13950410651960676 -35.16023897853897 -0.029491109155118867 0.9994833098233876 0.012782326001095424 3.4569466227385064 0.1398281250518009 -0.008537002611940132 0.9901389880435404 507.0593287686345 
0.9897860016072579 0.02990507046070399 -0.13938922907725979 -35.36940272535822 -0.028708021918982817 0.9995317303192158 0.01059101255813534 3.455460942853501 0.1396406873634598 -0.006481245808582969 0.9901810301663533 508.5597457093135 
0.9898263318396102 0.0280384759207352 -0.13949077414035863 -35.59551532771789 -0.027535104056682195 0.9996054985361613 0.005537627018397315 3.459385196880882 0.13959101651783687 -0.0016403954927517162 0.9902078861697262 510.20696895544904 
0.9898473967142926 0.02700254650554744 -0.13954566674788307 -35.79976891475457 -0.02678550286198518 0.9996353071301264 0.003433590453900466 3.4568465505101185 0.1395874961995253 0.0003390706217010468 0.9902096831276633 511.7091283491147 
0.9899053692855959 0.02819583046836102 -0.13889692010334545 -36.02787439475456 -0.027605862399356515 0.9995998273817498 0.006172635795332097 3.4596369437577095 0.139015384999227 -0.0022759554159325615 0.990287606393676 513.3705605702481 
0.9898085954650689 0.03462947084326951 -0.13812944466308535 -36.242798799176924 -0.033551202875232465 0.9993856845453908 0.010127700374431111 3.4592819548817917 0.13839531153159942 -0.0053900748682286035 0.9903624010659576 514.8882509697714 
0.9897179320285618 0.0407393468108695 -0.1371084242667483 -36.45872252218653 -0.03942862052196648 0.9991471346147592 0.012263250687492825 3.466615093014479 0.13749109103970558 -0.00673116193265387 0.9904801320262787 516.4085181318437 
0.9895339947682272 0.046481259887755595 -0.13660880278632148 -36.694520230363736 -0.0453778645067554 0.9989073109916512 0.01118183996763732 3.47641957312661 0.13697928282354765 -0.00486579409527293 0.9905619620794612 518.0813673898565 
0.9895468422152861 0.047340634236866984 -0.13622008195998045 -36.90436774249748 -0.04643191680264629 0.9988729672403962 0.00984238331357441 3.489205076354406 0.1365325070859342 -0.003414539049194125 0.9906297068146309 519.6063111820204 
0.9895662980924396 0.045576536370038466 -0.1366796266484383 -37.11079047537539 -0.04477739484892637 0.9989571895519066 0.00891731058299599 3.4997051879489716 0.13694352080520442 -0.0027041117269903437 0.9905751664995891 521.1369856141812 
0.9896015212929412 0.04078295231861291 -0.13793324185694938 -37.33556367124572 -0.040220856704171054 0.9991672571848824 0.006861114529124198 3.503017003958224 0.13809820046321833 -0.001241975701000247 0.9904177629333626 522.8293943313735 
0.9894104609946166 0.040654306594420306 -0.13933472780186787 -37.54756536884964 -0.04008692452746256 0.9991725281174071 0.006877323131895815 3.503272018504346 0.13949903010221942 -0.00121899421254096 0.990221457693033 524.3741691519784 
0.989210589278706 0.04135842493029807 -0.14054141763693273 -37.765387340871165 -0.04079677456138271 0.9991438026486041 0.006876398423539945 3.503978142193615 0.14070548856630755 -0.001068569098282763 0.9900509200445985 525.9235551203639 
0.988871096424492 0.043828662024064755 -0.14217243872116014 -38.010145636187374 -0.042714489285540586 0.9990280682780929 0.010880774800768815 3.517383247498861 0.14251115178616516 -0.004686859669914167 0.9897821000653876 527.6327670566228 
0.9884162137283482 0.04528357127186356 -0.1448543608727134 -38.23468741518126 -0.04387497254806284 0.9989536661259767 0.012905804675422081 3.531894580769268 0.14528722103718758 -0.0064008243545595495 0.9893688157213522 529.188972868533 
0.9879068332519043 0.04546104583361977 -0.14823421110643578 -38.463138572128955 -0.0444476831420649 0.9989602159399618 0.010143495807473962 3.544016914155014 0.1485412188537126 -0.003432160775753604 0.9889002615444664 530.7441319911824 
0.9873339828965656 0.04649711320988257 -0.1516892344646313 -38.72351017623144 -0.04559899162519455 0.9989156360423692 0.009395962728928444 3.5490454603152757 0.15196163878516825 -0.002360076486405486 0.9883835748950007 532.4597054708709 
0.9867991382996744 0.04793913207557106 -0.15469098032452033 -38.966442150034126 -0.04662711481440956 0.9988390672686144 0.01210082476504147 3.5555138469220413 0.15509150316277162 -0.004728288384404178 0.9878887942024751 534.0235980870074 
0.986323255034444 0.04763906671283898 -0.15778768962500228 -39.23713454804947 -0.04613313461202336 0.9988481488743369 0.013195055051026682 3.5638927648325565 0.15823454754059554 -0.005735347832914372 0.9873848968649619 535.7435716063602 
0.9859453601786166 0.04595496055196373 -0.16062343360453624 -39.484862830065524 -0.04461464698549326 0.9989328798194778 0.011942988331238323 3.575547690789664 0.1610008744940985 -0.0046089751765102755 0.9869435022328366 537.3047065282775 
0.9855982014485944 0.04404931992317797 -0.16326616851604875 -39.735401745212364 -0.04296231066173432 0.999024781891158 0.010184551679412752 3.581423113768722 0.16355557690381134 -0.0030235831735259755 0.9865294887022705 538.8662758163703 
0.9852182124971067 0.04288993679465162 -0.16584790059506074 -40.01612605819093 -0.04199593814913803 0.9990781838140604 0.008895159290727789 3.583743729961222 0.16607653816732526 -0.001798734102891135 0.9861112254339854 540.5844460468945 
0.9848536390665529 0.04353351518738548 -0.16783367269647267 -40.276496782773755 -0.042729675982233234 0.9990513602491108 0.008399668596094242 3.589152077257953 0.16804013220827102 -0.0011009651473374979 0.9857795406517187 542.1438201030517 
0.9844623670603336 0.04501097233557323 -0.16972878128082775 -40.56965578545514 -0.0443157261062896 0.998986463448838 0.00788430941626511 3.5925691284746497 0.16991164156526364 -0.00024015123699930345 0.9854592722862585 543.8599903136145 
0.9841708491365406 0.04590806772648292 -0.17117297679956772 -40.8384946375853 -0.045174257481130936 0.9989456174586668 0.008181680638316383 3.595053163596383 0.17136810637784425 -0.0003195589502100791 0.9852070193429856 545.4191092344332 
0.98395023600939 0.04460538117044077 -0.17277815827959772 -41.107660189552064 -0.043822941725228784 0.9990044813798452 0.008342423368297491 3.591206382522884 0.17297827766567828 -0.0006368817369904697 0.9849254341423835 546.9804559372076 
0.9835491004045391 0.045935632734807934 -0.1747028438661516 -41.40679127047088 -0.044846797973630136 0.9989420334351111 0.010177358503515562 3.594085453005182 0.1749855238554038 -0.0021750679308377434 0.9845686042761206 548.6937142015615 
0.983064707794485 0.04860125453337522 -0.17669662479621653 -41.684022823202184 -0.047936966260195835 0.9988180935934806 0.008028902606705395 3.5954401217905665 0.176878007092746 0.0005773697619810818 0.9842326139091279 550.2443076658151 
0.9826412101770632 0.05429307654403098 -0.17739366589956587 -41.968472987039924 -0.05281137494065304 0.9985190065139896 0.013067228789971881 3.605783996340295 0.17784041354281216 -0.0034719932256496028 0.9840532168601253 551.7986986532352 
0.9823157096590538 0.05879033326821142 -0.17776260015350578 -42.28318356495637 -0.05559063488253772 0.9981902724311472 0.0229316717328641 3.622027229012943 0.17878906536293332 -0.012644203651448345 0.9838061776830338 553.5127773437005 
0.9820879132170726 0.05793641520663367 -0.17929501175321497 -42.562983849028384 -0.05401224195798403 0.9981833589363047 0.0266956905806654 3.6476417610565277 0.18051595620288358 -0.01653338710784679 0.9834330875555217 555.0640105011757 
0.9819388802582876 0.054059681907871394 -0.18131074149892565 -42.83845539200239 -0.05023384166452607 0.9984085516998691 0.025630552715411502 3.6756241883317355 0.18240778094178228 -0.01605969881396234 0.9830918006899588 556.6082803024069 
0.981759048275358 0.049331452516977535 -0.18361802116277604 -43.14280396516463 -0.04594467437548373 0.998687029534454 0.022656214789912456 3.708390999572867 0.18449460677774915 -0.013806671592769213 0.9827365450533125 558.30261026686 
0.9815229615536577 0.04622933211778415 -0.18567585618690663 -43.4239994003176 -0.04307000162932247 0.998851006876423 0.021015259276961597 3.7372242996109506 0.18643404404911013 -0.012629898140439352 0.9823862957186065 559.8405696669128 
0.9812368242669319 0.044589625941687236 -0.18757947309330614 -43.71186408832169 -0.04120304501665809 0.9989103925135815 0.021916589627617923 3.7618714390705468 0.1883523444390152 -0.013776517240466203 0.9820048895299992 561.3803821315215 
0.9810199136648358 0.04122925762345291 -0.18947315396930114 -44.02971144188076 -0.037652572067544514 0.9990389106207535 0.022439673626938238 3.787221009093568 0.19021623129406443 -0.014879612878664059 0.9816294533257244 563.0744387959795 
0.9807405049480921 0.0391889315777953 -0.19134337812289368 -44.3222089458125 -0.0353267686705844 0.9990981706070521 0.02355557189469144 3.810014687760148 0.1920939436760524 -0.016342357825899285 0.9812404625400416 564.6152157431098 
0.9804828890159601 0.036745579907910685 -0.19314001514672519 -44.61545265496067 -0.03261045915297558 0.9991666594339735 0.024546785602401505 3.8367831465072917 0.19388105661098742 -0.017769316128331873 0.9808641029678808 566.1528291531599 
0.9802647837412843 0.0351112736704094 -0.1945460124361977 -44.94107175701482 -0.03110358261057852 0.9992370927428909 0.023617783087482944 3.864976318548064 0.19522684936977447 -0.017100600574499226 0.980609018909049 567.8406636944209 
0.9801413417856825 0.03474513048983828 -0.19523248899541387 -45.23985430950093 -0.030927206574064055 0.9992667563390677 0.022571167569915753 3.8874878926794394 0.19587358125201768 -0.016084936578509658 0.9804972290715006 569.3743195668075 
0.9801611831079927 0.033300617521721074 -0.19538455091389156 -45.53967428302845 -0.02994043013620221 0.9993490261733249 0.020126960788258888 3.906488705655543 0.19592760799510434 -0.013877766083561945 0.9805201585271719 570.9069295688167 
0.9801983821364885 0.03286837978979435 -0.19527109362484207 -45.87046060965532 -0.030091407365694368 0.9993996427016822 0.01717152817345769 3.9232349161516 0.19571826859517324 -0.010955520326402915 0.9805989685721367 572.5925723805783 
0.9802831088628363 0.03391548974843545 -0.19466577710244445 -46.16981693439353 -0.03153316599117979 0.9993852159974723 0.015324800058805692 3.940162705941551 0.1950658548646663 -0.008884212838004828 0.9807499091399501 574.1215019430882 
0.980482455456059 0.03326515278381554 -0.19377198690741704 -46.49544168000782 -0.03150813934111536 0.9994297274602922 0.012143188332826703 3.957589937968845 0.19406543611975235 -0.005800787161896455 0.9809714361876457 575.8023254569637 
