0.9999999999999999 -6.497537243392931e-19 -1.0713430554868749e-17 -5.551115123125783e-17 3.1253964886194886e-18 1.0000000000000002 -6.836247431414228e-19 -2.220446049250313e-16 1.1386115248549157e-17 2.4712556123501597e-18 0.9999999999999999 -2.220446049250313e-16 
0.9999989071279219 0.0004868001241036049 0.0013959840362111084 0.013171902358617149 -0.000485965219920609 0.9999997028905455 -0.0005983762924683604 -0.02530274600596849 -0.0013962748586679743 0.0005976971728815643 0.9999988465864439 1.6902320820186683 
0.999995703497263 0.0005893253157886208 0.0028715301982577884 0.027585552719245787 -0.0005882333063494306 0.9999997543580164 -0.00038113241012631145 -0.0498968018297018 -0.0028717539987465636 0.0003794415938993004 0.999995804518011 3.23743225395649 
0.9999896616691596 0.0009938544764567117 0.00443720785265206 0.04395804429568917 -0.0009971894496923954 0.999999221980924 0.00074942801196395 -0.06902178132744641 -0.004436459420574075 -0.000753844939838414 0.999989874723025 4.781483567824916 
0.9999761327327613 0.0017314853620947943 0.006688492626592915 0.052353648756041093 -0.0017370577259458993 0.9999981490197465 0.0008273897386672929 -0.09084740690828474 -0.0066870473948878574 -0.0008389882270394718 0.9999772894917699 6.469698583000346 
0.9999545957143584 0.0023785195592819393 0.009227630756418892 0.06656967865581975 -0.0023817947557713106 0.9999971043656737 0.00034394262147481174 -0.11197343375156144 -0.009226785630748005 -0.0003659053229767729 0.999957365362526 8.000074702396402 
0.9999192185722234 0.002938992301717422 0.012366029019292282 0.08515425070441268 -0.0029583723190693607 0.9999944240082345 0.001549181187697982 -0.13656348739881308 -0.012361406594383213 -0.0015856392426714277 0.9999223376737649 9.683352561720563 
0.9998896039516048 0.002147717493795208 0.014702626778144863 0.10872315317721132 -0.0021868267644257556 0.999994112312373 0.0026444488829930534 -0.17226553495711872 -0.014696860162598892 -0.002676308823435818 0.9998884136126044 11.211224427178237 
0.9998621371343657 0.0014471348322480284 0.01654123747404205 0.1354117744181284 -0.0015026902345786463 0.9999932708705144 0.003346658088922327 -0.21090739959900584 -0.01653628251362771 -0.0033710527803806306 0.999857583542711 12.737949818895027 
0.9998307182148354 0.00014125574818718637 0.018398776159596644 0.16338816752777519 -0.00020582242844611006 0.9999938277130103 0.003507444471050239 -0.2572983422033588 -0.018398166495377205 -0.003510637313517399 0.9998245760623223 14.416251185511491 
0.9997974449069915 -0.0007029467903669074 0.020114050361832017 0.1948279604429144 0.0006343713774952056 0.9999939659214367 0.0034155078083825904 -0.29345227068734525 -0.02011632919382994 -0.003402055927700404 0.9997918579967606 15.939170508138478 
0.9997605219411427 -0.0013622817131052256 0.021841312965545832 0.22784657679214304 0.0012760900545318876 0.9999913460608216 0.003959722434596669 -0.3305652417459837 -0.02184651742967237 -0.003930902363788705 0.9997536084871762 17.4622418324574 
0.9997212755653724 -0.001480731599241473 0.02356222851218873 0.2714143545795885 0.001442998975835171 0.999997649385173 0.0016183281985009193 -0.3703379237509761 -0.023564568585201586 -0.00158387678319768 0.9997210623154191 19.13048233700952 
0.9996810966484115 -0.0005012751506942306 0.02524784610425292 0.3167983379562419 0.00046696184840065935 0.9999989594475354 0.001364936523025093 -0.4264898397746526 -0.025248503129213826 -0.0013527114126331177 0.9996802905201657 20.644632666902552 
0.9996336788668813 0.0006484472090350017 0.02705711750839702 0.36777987943213075 -0.0007275760262333782 0.9999954873728264 0.00291476546245373 -0.4722131547638073 -0.02705510436727046 -0.002933383630460991 0.9996296397071165 22.309672751039432 
0.9995994003993859 0.0005381549814671237 0.028297510986311822 0.41716191456276375 -0.0006301541144853411 0.9999945451157766 0.003242319449489503 -0.5122478799837706 -0.028295610741450386 -0.003258852140018964 0.9995942868418928 23.818749508855998 
0.9995682553360783 0.00037406051126011406 0.029379636166007483 0.46646227334947454 -0.0004197902014476 0.9999987100834576 0.0015503554890432885 -0.5491965983737939 -0.02937901728144522 -0.001562019361319692 0.9995671230219766 25.320924390790005 
0.9995359627171556 -0.00016074249674852834 0.030460358057398232 0.5234295623069819 0.0001885269077058613 0.9999995688345493 -0.0009092806748902769 -0.5961987863050218 -0.03046019765462518 0.000914601128395638 0.9995355620709776 26.967755040231093 
0.9995074265691096 -0.000655461973859663 0.03137633848647786 0.5773769359782402 0.0006915268687495202 0.9999991127030574 -0.0011385916014713734 -0.6390443371610119 -0.03137556319902324 0.0011597281106794622 0.9995069929937883 28.466579671986775 
0.9994850956004298 -0.0003513133427547299 0.03208457992578469 0.6227058890672842 0.00033897779068865823 0.9999998665337293 0.00038990818136485576 -0.6883431730929541 -0.032084711459835026 -0.00037883153323586165 0.9994850813083306 30.117543875132952 
0.9994575850781051 -0.0007787143379763764 0.03292308080545008 0.6611625486718928 0.0006811445783147281 0.9999953436508906 0.0029746797029347695 -0.7174556326595478 -0.03292524274465661 -0.0029506406321999075 0.9994534616946554 31.61605449545509 
0.9994231104489308 -0.0009424570602608478 0.03394934597185181 0.705592817803622 0.0007831270455033278 0.9999886193135835 0.004706161407488918 -0.7467873179946019 -0.033953393743710654 -0.004676859466571772 0.9994124744180063 33.10719100249663 
0.9993945504221216 -0.0015757770147657871 0.034757006875304364 0.748030171046857 0.0014352958988051586 0.9999907021590853 0.004066389832299536 -0.7775335535313463 -0.034763090185128395 -0.004014040965051769 0.9993875199426598 34.74301509537383 
0.9993648549627608 -0.0023986812120585384 0.03555464811731718 0.7952819922377371 0.0022966787591937143 0.9999931301374515 0.002909459987344412 -0.7993300061573856 -0.03556138144606307 -0.0028259542937179223 0.99936349848796 36.21915372732072 
0.9993396306562247 -0.001683460097462848 0.036296949980597494 0.8427254843160518 0.0016261587856517292 0.9999973847357491 0.001608147604981538 -0.8271663363613528 -0.036299560993235586 -0.0015480610029840593 0.9993397547148131 37.69427356482268 
0.9993001933195411 -0.0013138929678718 0.03738177815134838 0.9020375032984399 0.0013142390561636948 0.9999991362749974 1.531606486986351e-05 -0.862657843834026 -0.03738176462911788 3.3823107484021715e-05 0.9993010569886488 39.31009254360301 
0.9992258341251439 0.0003724327540708811 0.039339468073749884 0.9509823739335302 -0.0003305463674468425 0.9999993715888206 -0.0010712425686401563 -0.8873702033752795 -0.03933984088650905 0.0010574094810897059 0.9992253293262054 40.77154854043311 
0.9991095066352036 0.0014605099520176462 0.0421670572120442 1.017818605509639 -0.0014105696432191147 0.9999982681507342 -0.0012140761762031627 -0.9235040232982548 -0.04216875582158233 0.0011535152090589096 0.9991098364999167 42.37491775448665 
0.9990132993133128 0.0018877464877217374 0.04437188602155254 1.092149819943581 -0.0018474198551180758 0.999997842427038 -0.0009498261451688761 -0.9654686743072656 -0.044373581704503166 0.0008669151997566429 0.9990146313520183 43.820365646251844 
0.9989418044737693 0.002012356813700267 0.045948033262578444 1.1705899971150346 -0.002013101055874183 0.9999979732504762 -3.0079845956536136e-05 -1.0114344270095639 -0.04594799900272721 -6.245017747246244e-05 0.998943830971465 45.26346358649775 
0.9988461244431894 0.002332337488658209 0.04796853094065997 1.2596266196283006 -0.002384892803325218 0.9999966169775304 0.0010384128302769273 -1.0615724857294384 -0.047965944997803066 -0.0011516144900738684 0.9988483077270508 46.8457186368143 
0.998730120514816 0.0022940660250404424 0.05032776289834473 1.3417809801560918 -0.0024078790780162245 0.9999946790118022 0.0022009193628840505 -1.100206250632454 -0.05032244423421799 -0.002319307571863846 0.9987303301483582 48.28160570856427 
0.9985892420921527 0.00267597992415576 0.053031733908723656 1.4258284097025298 -0.0028429051964855043 0.9999912388913584 0.003072459299014268 -1.1362145209579952 -0.05302304554177744 -0.003218888856403742 0.9985881009346799 49.714317375093884 
0.998434780172132 0.00264331114693972 0.055865935509450716 1.52767477553407 -0.0027875590327736733 0.9999929790506703 0.002504264486175685 -1.1748291053882114 -0.055858921711516095 -0.002656074284251773 0.9984351386326863 51.27686664350289 
0.9983099716865048 0.002873853193161467 0.05804258359197802 1.6159819497232562 -0.002980155019900063 0.999994036860008 0.00174496325235878 -1.2067925813828786 -0.05803722061031182 -0.0019149901246525158 0.998312583186982 52.698423651043214 
0.9981873317228926 0.0017820037515469253 0.06015708904147649 1.7275058049206113 -0.0018529287604763238 0.9999976524939304 0.0011232304368349758 -1.2368280211328497 -0.06015494404376455 -0.0012326612833448668 0.9981882904326675 54.25474387214954 
0.9980868185693929 0.0011368804330756704 0.061817555874259265 1.8275577227588293 -0.0011802493655420241 0.9999990823542731 0.0006650507314353628 -1.2607756898194213 -0.061816740824044224 -0.0007367386468249698 0.9980872445163655 55.67085371213721 
0.9979935945665188 0.0016685166294590826 0.06329298049080984 1.9281345981250149 -0.0016619370788836494 0.9999986067134372 -0.00015660373988462094 -1.2858670611478833 -0.06329315130502064 5.11003456197345e-05 0.9979949770791828 57.08599306301014 
0.9978718672314626 0.0022228028664105413 0.06516744486243976 2.0392784102537327 -0.0021492165893046023 0.9999969712946967 -0.001199273288105602 -1.3135762645135385 -0.06516991086972469 0.0010566617799736768 0.9978736222897632 58.641584361205254 
0.9977498801039257 0.0032858416623711114 0.06696551460635004 2.1379440698564514 -0.003139158701806369 0.9999924380565557 -0.0022955380048196366 -1.3248403346869044 -0.06697254855520085 0.0020801569387814195 0.997752649986673 60.04919618615483 
0.9976199353686733 0.003850395483510915 0.0688450373733766 2.2437244050149867 -0.0037751356038136213 0.9999921259575887 -0.001223253782566269 -1.3439501731742323 -0.0688492027958261 0.000960442663130961 0.997626615867445 61.6025933538165 
0.9975251934238293 0.0030373483710761304 0.07024431052994692 2.3440799412552202 -0.0031030083782879595 0.9999948448093066 0.0008256334465912598 -1.3544463011842232 -0.07024143812721766 -0.0010415589930491893 0.9975294759483087 63.013220177601966 
0.9974286626328417 0.0017201372080150128 0.07164568546781135 2.448012004727771 -0.0018561305217383492 0.999996599996481 0.0018316000953798079 -1.3645274308824904 -0.07164228867664216 -0.001959874234198475 0.9974284642131019 64.42322150659882 
0.9973005528925591 0.0016344461495570992 0.0734093723813897 2.560034105421101 -0.0016968746663616105 0.9999982497851154 0.0007880543496435987 -1.374900288260808 -0.0734079532066623 -0.0009104937133590832 0.9973015808937489 65.97174309392905 
0.9971176538748638 0.002426069380465379 0.07583204272023943 2.660443178602589 -0.0024149247829826333 0.9999970555763262 -0.00023866348150544778 -1.3833988796696879 -0.07583239570169437 5.4846613979908916e-05 0.9971205767538985 67.37994707375341 
0.996870876485377 0.004231226220158257 0.07893384921810932 2.7589445459246886 -0.0042011056972871864 0.9999910253368444 -0.0005476571508811868 -1.3917548783365477 -0.07893545521196556 0.00021433371605499184 0.9968797057756931 68.78974794586934 
0.9965902453841415 0.005155897510576585 0.08234864760629222 2.8686374820713567 -0.005051976472498333 0.9999861577839206 -0.0014702863901691564 -1.4091595171450448 -0.0823550853752908 0.0010492492426655807 0.9966024978819341 70.3403368292166 
0.9963702037907366 0.00550305647542715 0.0849478288160444 2.9815331528809925 -0.005312685495421167 0.9999828446327619 -0.0024669376153951973 -1.4212654667568607 -0.08495994411488676 0.0020066815282151155 0.9963823467444171 71.74675653074864 
0.9961659366991304 0.005483132036128115 0.08731186683323551 3.1039154112570406 -0.005172428303857223 0.9999794619275947 -0.0037843996453569223 -1.4407358243035464 -0.08733082080080025 0.0033182749956089034 0.9961738385194568 73.3034593905652 
0.995984210853626 0.004827411976059143 0.08939881486034149 3.2219519527793388 -0.0045547559944512095 0.9999843338715025 -0.003253641717044585 -1.467128507008224 -0.08941311774371671 0.0028333853813234736 0.9959905953637632 74.72057165757353 
0.9958208054080308 0.004095910432262336 0.0912367651502543 3.3420815093439282 -0.0038997818817904633 0.9999896863657154 -0.002327840363854037 -1.4865290052557607 -0.09124535547703921 0.0019623078557936013 0.9958265080793991 76.13297260369121 
0.9956341758763327 0.0031175305214950176 0.09328916934748134 3.480876983690146 -0.0029852550642549608 0.9999943313095576 -0.001557428272160995 -1.515424584320935 -0.0932934924613742 0.0012721363854234793 0.9956378386062198 77.68425613686773 
0.9954920477432214 0.0022338402651431682 0.09481873827682867 3.6095784756494083 -0.0021016073971381866 0.9999966749562779 -0.0014944265098736165 -1.5437404380717457 -0.09482175786532784 0.001288417473868072 0.9954934323927773 79.09275464211439 
0.995347814495082 0.00197426847511096 0.09632668759215168 3.7478397684787765 -0.0017361925873363093 0.9999952280179918 -0.0025553021797155412 -1.5662478004509683 -0.09633126927124745 0.0023761721716305875 0.9953464924713863 80.49189624656637 
0.9952273589014292 0.0020519348907689586 0.09756174436975423 3.9014380120318366 -0.0018021403967069065 0.999994869044657 -0.002648427228099948 -1.5901815860368775 -0.09756667463571787 0.002459966674489312 0.9952259503574432 82.02874014750195 
0.9951090678195663 0.0021467765095431763 0.09875897331180289 4.040770622259287 -0.002087257651884232 0.9999975724593511 -0.0007059867688845845 -1.6130108990860221 -0.09876024558091231 0.0004963980087234953 0.9951111330799622 83.4250622509096 
0.9949758654261948 0.0019180910930154242 0.10009669559505993 4.197276977408617 -0.002163009127179131 0.9999949267521364 0.0023383418584582657 -1.6343202394844116 -0.10009169900449325 -0.0025431038789483365 0.9949749665739415 84.95594769355016 
0.9948589542415831 0.0011142811446723925 0.10126410947803086 4.343829817411097 -0.0014948060649283914 0.9999921043860679 0.003681943058250047 -1.6555730351954954 -0.10125920355511102 -0.0038143841985742114 0.994852764914856 86.34344039282527 
0.9947690955081754 0.0008289462833537616 0.10214577719845565 4.489799720047567 -0.001157741453827681 0.9999943381388522 0.0031596379887017254 -1.6768415272940573 -0.10214257599783504 -0.0032613686574682545 0.994764423029986 87.72744322809255 
0.9946412100046076 0.0003751072141640663 0.10338628047354402 4.654473173155229 -0.0004874316893414051 0.9999993181394944 0.0010611906790842912 -1.6931009556413996 -0.10338580816946982 -0.0011058979877226636 0.9946407146950184 89.24212299540446 
0.9945363278600514 0.0014211920703319349 0.10438138305731556 4.806045136193667 -0.001347923714085926 0.9999987931912168 -0.0007724697468142473 -1.7058943193507288 -0.10438235112633129 0.0006275506463542148 0.9945370433586534 90.61589292671765 
0.9944225131253255 0.0020517843438472667 0.10544977919174726 4.9638805120025005 -0.001829842296186457 0.9999959026890434 -0.0022014253431896476 -1.718555578985017 -0.10545386014732569 0.0019961898753099593 0.9944221931622881 91.98654663948146 
0.9943019649380724 0.0028659701007050227 0.10656166810893293 5.13731846697692 -0.0023918518498182353 0.9999866659767963 -0.0045767790430007995 -1.7457442707242894 -0.10657336024263654 0.004295819853219587 0.9942955619184994 93.49261964258126 
0.9942113458031506 0.002454259777720062 0.1074140440684258 5.302700851605068 -0.0018220061901677834 0.9999804365412198 -0.005983880786388335 -1.7747378373169354 -0.10742662475693827 0.005753532145278811 0.9941963673149745 94.85868757340278 
0.9941342597352274 0.0022254243742719708 0.1081301136993244 5.479497537933898 -0.0015083626818349755 0.9999763312308199 -0.006712810556802809 -1.8136527246575938 -0.10814248929665742 0.006510334474213903 0.9941140865950803 96.35879664733588 
0.9940392725363403 0.001854437500666724 0.10900681677077503 5.645860241488618 -0.0012507093214269693 0.9999835009858297 -0.005606557432094841 -1.8572889995124 -0.10901541129989734 0.005436801484681334 0.9940251912800245 97.71886267241938 
0.9938436321635177 0.0027096920709528045 0.11075871424500743 5.804675373771649 -0.0022501655698097026 0.9999883361066368 -0.004273686797675124 -1.8831126110730505 -0.1107689987086123 0.003998150160570687 0.9938381373859771 99.07425981380833 
0.9935019285744079 0.0028770542960352935 0.11377891239555542 5.981503163847786 -0.002537604525121573 0.9999918876151352 -0.003128139320912343 -1.9036740249026463 -0.11378698506507162 0.0028190858711717947 0.9935011697868441 100.55912208168056 
0.993227173852046 0.00275268075109776 0.11615594826225754 6.148726658666616 -0.0024470547955570323 0.999993159246219 -0.002773692811671444 -1.9168558638675415 -0.11616278453493577 0.002470666435355035 0.9932271154484712 101.90089277540264 
0.9930610838577668 0.0008359003501450786 0.11759670676713103 6.33575281711214 -0.0004931627416700447 0.9999955460354153 -0.002943586630390504 -1.9333514513051173 -0.11759863926152193 0.002865166302546118 0.9930570730924058 103.36621056304242 
0.9929882485850071 -0.00017050037787794115 0.11821298382277282 6.503959194216199 0.00048426738384140395 0.9999964360268628 -0.002625533744110173 -1.95418260631331 -0.118212110558855 0.002664370151903809 0.9929847922287449 104.68855254978014 
0.9928710889944471 -0.0006413978311128211 0.11919139941699133 6.671555806659373 0.0009490073826115057 0.9999963642450594 -0.0025240629161442834 -1.973963081433081 -0.11918934280055458 0.0026191819206029606 0.992868087909822 105.99854210864065 
0.992721442454791 -0.00013326102944500787 0.12043305357284201 6.853462060935829 0.0004041597650820451 0.999997443126854 -0.002224949871474507 -1.9985772213266007 -0.12043244476110818 0.00225742897949973 0.9927189581120482 107.42254043368389 
0.9925986797808545 0.0014767901876724466 0.12143179348218693 7.014922515080148 -0.0011692826941941635 0.999995927095453 -0.0026035681831759207 -2.0257786790430363 -0.12143513940973395 0.0024423095637859764 0.992596363867751 108.70218572908138 
0.9924469383475415 0.002165933741244926 0.12265554936779301 7.1771158644160735 -0.0018225711025442706 0.9999941005731803 -0.0029115367600678326 -2.0457627593999006 -0.1226611275050143 0.0026659965736948923 0.9924450311092697 109.9627500309563 
0.9921681845100377 0.0033953799627528306 0.12486298716131715 7.35172233689983 -0.0031086114086668385 0.9999920646027005 -0.002491435281577405 -2.0811242438880284 -0.12487045115530947 0.0020837716558550186 0.9921708662418226 111.33438751275744 
0.9918959272304353 0.003471953796474506 0.1270055731900468 7.511678820920042 -0.0033309024251960873 0.9999935774015364 -0.0013229602207246627 -2.1168137192996026 -0.12700934612985493 0.0008891951396415045 0.9919011214873255 112.56273751651077 
0.9916770831431864 0.0016729817724737506 0.12873913330711348 7.689233849813152 -0.0018829997354097667 0.9999970876280706 0.0015096461759595296 -2.1467113105955278 -0.12873622809477642 -0.0017394975519328137 0.9916773453074026 113.89410410165948 
0.991490922004327 -1.023186971768852e-05 0.13017585038544022 7.8515649427242105 -0.00034078615152237547 0.9999963662124474 0.0026742139680992795 -2.1672718610281465 -0.13017540000058947 -0.0026958211894478373 0.9914873157251681 115.08380905171128 
0.9913141621364573 -0.0014025575280796237 0.13150766261877894 8.013154542167147 0.0012925140131959643 0.999998739537344 0.0009221383988491055 -2.185397669617366 -0.1315087854378666 -0.0007441537512613723 0.9913147255198487 116.25555349785087 
0.9911448780009686 -0.0012127017420160893 0.13277936860521797 8.189033092435055 0.001396945136498678 0.9999981864833198 -0.0012944446785260542 -2.2044069370551953 -0.1327775532055596 0.0014684670820810444 0.9911447746904758 117.5218535696014 
0.990916310966996 -0.0008297718089712122 0.13447742084408051 8.347378691369913 0.001162107382616747 0.9999964619218842 -0.002392835845216187 -2.227466315866575 -0.1344749546527324 0.002527376533997177 0.9909137693801573 118.6567910847919 
0.9907004871434741 -2.8345764309624726e-05 0.13606081202575673 8.504572201633485 0.00042790981842274675 0.9999956819163184 -0.002907413095375388 -2.2520948774384633 -0.13606013714053355 0.002938596541906748 0.9906962214138866 119.77671474533945 
0.9904650017837778 0.000539072953963874 0.13776353022724108 8.676444850974551 -3.778611444095e-05 0.9999933695917186 -0.003641339338845024 -2.283014892588653 -0.13776457473206044 0.003601412767358308 0.9904584550342039 120.986685854184 
0.9902664891225782 0.0005018604200186299 0.13918343755308538 8.832447069247907 6.0401405022648e-05 0.9999918556543501 -0.004035465984534798 -2.3123087139155762 -0.1391843241683441 0.004004592702648628 0.9902583938053147 122.07015501554059 
0.9900752290946573 0.0008139090418429671 0.1405360414005131 9.001797541311591 -0.00024008872260841262 0.9999915661833851 -0.004099991044742781 -2.3454509959079997 -0.14053818804875837 0.004025557542434692 0.9900670744611648 123.24926063836062 
0.9898926503080255 0.00015797714742153476 0.14181860443760907 9.158891411474745 0.0004534625011144915 0.9999907418285962 -0.004279093527745559 -2.362249902766026 -0.1418179622912586 0.004300151707660644 0.9898834141448292 124.30696944283602 
0.9897524793787861 1.9558630055610666e-05 0.14279366178114347 9.31498261301128 0.0006765039617944086 0.9999881257053786 -0.0048260549403340135 -2.3784382918730875 -0.1427920553961314 0.004873199314269336 0.9897407136036568 125.3520697625933 
0.9895675567939635 -0.00014013907960668627 0.14406953729791902 9.48523039957804 0.0007473910997031088 0.9999910642014386 -0.004160881905768727 -2.412124214974239 -0.14406766157335046 0.00422514908670503 0.9895588190270422 126.49464471497788 
0.9894181787628469 -0.0001688195739176816 0.1450918320200395 9.641781451870163 0.0005940120210639739 0.9999956556388112 -0.0028871895321413463 -2.43490010723362 -0.14509070899620954 0.002942823283524925 0.989413980727258 127.52332770745723 
0.9892332678521139 1.909223863216158e-05 0.14634733379673065 9.81367879777606 0.0002611712738796862 0.9999981687839258 -0.0018958438496515238 -2.4484210940499964 -0.14634709667905407 0.0019136528095579858 0.9892314514418235 128.64393006170948 
0.9890787203056605 0.0007433301737962288 0.14738633998297554 9.973339143146434 -0.0004897560800024572 0.9999983369720932 -0.001756756056940756 -2.4555136540514817 -0.14738739536895776 0.001665385981707302 0.9890774395674311 129.6535107540812 
0.9889401631748592 0.0010263256855339666 0.14831150003100588 10.1318501472091 -0.0007351275632222316 0.9999976931686587 -0.0020182277950192137 -2.4639750761816446 -0.14831322387000662 0.0018868779326765635 0.9889386364138927 130.65277588360522 
0.9887773668087192 0.0006156782120228692 0.1493952494615555 10.306704221972694 -0.0001261727542244125 0.9999945930083076 -0.003286037195547152 -2.4594614566212165 -0.14939645938905663 0.003230308733670998 0.9887720982547537 131.74286068432505 
0.9886432753190141 0.0004698288922605497 0.15028058480721765 10.46015968358509 0.0002241933341677707 0.9999893892871751 -0.0046012022507014826 -2.457690328876117 -0.15028114652838936 0.0045826385660333955 0.9886326798500292 132.73100886535522 
0.9884636601909106 0.0002595865124293995 0.15145800028510922 10.635272986976604 0.0004824246499444649 0.9999880623114646 -0.004862356974615839 -2.4641450636500997 -0.15145744891250604 0.004879329207722323 0.988451735062231 133.8142292748143 
0.9883402560328188 5.332253183304591e-06 0.15226141676987484 10.79530663064925 0.000740051001429917 0.9999880193587559 -0.0048387477329202 -2.475236312982456 -0.15225961283603426 0.004895009345390148 0.9883284112106427 134.79470849486603 
0.9882057643960747 -0.0007496820745566032 0.15313002956737404 10.956352760682694 0.0015070800895815542 0.9999871993649879 -0.004830097057159175 -2.4887982442463668 -0.1531244427902618 0.005003907917010512 0.9881942446400764 135.7716164454608 
0.9880771474453969 -0.0012148954621868631 0.15395478392965617 11.132823478088477 0.002066271290195801 0.9999834458850064 -0.005370149569422452 -2.5027587011566417 -0.15394570556325646 0.005624233295465224 0.9880633010801135 136.84180382224167 
0.9879578047229471 -0.0010741943759814978 0.15471982087718816 11.291782164190314 0.0020866363780483845 0.9999774612064223 -0.006381462088963668 -2.5205640390210386 -0.15470947310615266 0.006627458055469759 0.9879377788714825 137.81129925723897 
0.9878122632094966 -0.001027205502556358 0.15564664561400676 11.468967075902967 0.002134897034024913 0.9999735715303175 -0.006949711381305347 -2.532612461082916 -0.15563538765161333 0.0071972984013909495 0.9877883498930428 138.8706409568302 
0.9877189028916991 -0.001216240768353739 0.15623664878305527 11.629201770133317 0.002350173819400954 0.9999722223870843 -0.007073271661568384 -2.5437253188245874 -0.15622370040046482 0.007353586100054086 0.9876943248676497 139.83040431322027 
0.9876375032135083 -0.001210396200694606 0.1567504321747967 11.790695374040443 0.002348428379957197 0.9999722131683446 -0.007075154421184038 -2.56083793797693 -0.1567375071181592 0.0073558037018942625 0.9876129024976263 140.78619171872705 
0.9875678143504693 -0.00029134335995077096 0.15719328226449966 11.963854311591295 0.0015546378997952721 0.9999674779051212 -0.007913675794260557 -2.589512338374148 -0.15718585867588283 0.008059668759662473 0.9875361495810171 141.83126306009515 
0.9874612467961962 3.374089250720158e-05 0.15786160317758757 12.120858539070257 0.0012903211217993394 0.9999648463911808 -0.008284991494157661 -2.6248282331625306 -0.15785632755337656 0.00838479877381975 0.9874264905042531 142.77605071827912 
0.9873909964483603 0.00035267281054727725 0.15830002079007913 12.291949347928197 0.0007880217752490372 0.9999741774002816 -0.007143079001389118 -2.647605043010382 -0.15829844646834473 0.007177754460466933 0.9873652216053436 143.8028687417683 
0.9872376744802432 0.0006150015633368021 0.15925261912988814 12.447526269016086 0.00015420481312879503 0.9999883829283593 -0.004817700801558565 -2.6681142303181384 -0.15925372617548228 0.004780772201659775 0.9872261109111508 144.72671975397407 
0.987070511288915 0.0003883410508788842 0.16028616841382132 12.601606573737183 0.0001874594014213309 0.9999935842611793 -0.0035771922370981873 -2.6915363789076707 -0.1602865233982781 0.003560987186116189 0.9870641057847199 145.63977840748836 
0.986887595546471 -0.0007393662891873871 0.1614073354852166 12.77356352663532 0.001158862876834462 0.999996191335927 -0.002504868047596509 -2.7211929204084977 -0.1614048628537945 0.0026590713281459317 0.9868846937301816 146.63122485610745 
0.9866969829989348 -0.0016944860303021421 0.1625613524752729 12.928500180655176 0.0020480414034757042 0.9999958880400985 -0.0020073485786719827 -2.747764678632849 -0.16255727669392586 0.0023135763522227175 0.9866963962023009 147.51752811605283 
0.9864776323564025 -0.002678515016827348 0.16387405922336906 13.100460582096538 0.002917293737298491 0.9999950048317141 -0.001216442700443116 -2.766547793964686 -0.1638699764272657 0.0016780615270916368 0.9864805188358926 148.47459697771356 
0.9862868877732599 -0.003696119389727036 0.16499852902969125 13.252603973266195 0.004032834997936593 0.9999904132791373 -0.0017057623710140413 -2.78641329930217 -0.16499063653184262 0.002347782075499015 0.986292338441604 149.3296593668962 
0.9861107685390093 -0.004325582151386151 0.1660326545944309 13.402297365462653 0.004661268165499152 0.9999878042081544 -0.0016321925056232479 -2.8080551934621902 -0.16602356347216193 0.0023834444988406352 0.9861189049221073 150.1708809498806 
0.9859180683127569 -0.0058175511668414675 0.16712785391890975 13.564508131500403 0.006108875241331438 0.9999805853493635 -0.0012290714677001282 -2.8305810353905145 -0.16711745292364627 0.00223272615278694 0.9859344658396518 151.07910313559475 
0.9858041575315334 -0.00620746364729228 0.16778447865032037 13.705763165996705 0.006453151592270989 0.9999787558394784 -0.0009191058020858441 -2.853930186929274 -0.16777520279056113 0.0019887961955659885 0.9858232727419811 151.8893457377107 
0.9856504848882 -0.006006613092742879 0.1686921549400899 13.855277764736057 0.006188294381760532 0.9999807003849301 -0.0005512882146001299 -2.8812166466339386 -0.1686855817365544 0.0015872934476713417 0.9856686329927534 152.76257294104954 
0.9855272250943422 -0.005494849655813896 0.16942814446598992 13.987855001031603 0.005697878317174323 0.999983513412738 -0.0007121307071797784 -2.9024084715542044 -0.16942143196147763 0.0016672043768215415 0.9855422861880968 153.53644568049415 
0.9854100317344799 -0.005484865147291072 0.17010874913294005 14.117757464776506 0.005753197908911996 0.9999828621329625 -0.0010845275884472 -2.924009872909986 -0.17009987915673558 0.0020473728503788867 0.9854246995124326 154.29221943177163 
0.985290320289204 -0.004739625389436151 0.17082307112875966 14.257520382527547 0.005036989682574467 0.999986459635125 -0.0013074104113290266 -2.9468128547381665 -0.1708145552732644 0.0021486120423647287 0.9853008526324101 155.09776466211025 
0.9851405374452857 -0.004252074571654506 0.17169753140976518 14.379624116325258 0.004589228669865188 0.9999882420555622 -0.0015667700766199488 -2.9732843152980477 -0.17168884433130885 0.00233144710007027 0.9851484680496695 155.81640720127874 
0.9849841809336599 -0.003499129708490172 0.172609154932639 14.511431442908215 0.003869393661278708 0.9999908782196588 -0.00180867428824738 -2.9982966304567134 -0.17260124536575863 0.002449407468397967 0.9849887357243747 156.58121533385184 
0.9848420556494585 -0.003603857623843221 0.17341608520598165 14.624980424889483 0.0039804795129362155 0.9999904142733427 -0.0018240552848440266 -3.027243340143083 -0.17340784294358433 0.002486684660121013 0.9848469603942814 157.2598536514557 
0.9847183201800718 -0.003365307364519016 0.17412209966619333 14.737365986835995 0.0037034267969829108 0.9999918349814676 -0.0016169821218980304 -3.0521943300358716 -0.1741152299819815 0.0022371195211738242 0.984722743197119 157.91499830313927 
0.9845357537221655 -0.003622011066309988 0.17514631504328618 14.855281689806358 0.0038635293865758795 0.9999919978386815 -0.0010379933479133542 -3.080967546443694 -0.1751411475031991 0.001698623702093879 0.9845418691468603 158.6167045986225 
0.9843578852548568 -0.0027286368709018892 0.1761593292760241 14.958763287824238 0.00295052961888241 0.999995149488751 -0.000997696215205621 -3.1073433099611854 -0.17615574605957876 0.0015018526758344348 0.9843611616329486 159.23387218793917 
0.9840456033511584 -0.0033853096485947786 0.1778842073764545 15.07172018124996 0.003526314473813822 0.9999936690093065 -0.00047652363861141507 -3.1460976573097708 -0.17788146154848908 0.0010961959024828407 0.9840513111289285 159.89338563404974 
0.9838170812575586 -0.0035479157475350547 0.17914062622499938 15.173854785911795 0.003650046642297939 0.9999933096472622 -0.00024051610195749727 -3.1738707859019275 -0.1791385678705248 0.0008904947631483258 0.9838234493281935 160.46909018974378 
0.9835607767383625 -0.0028611694768738015 0.1805547375129185 15.283465841265112 0.0030436116016438267 0.9999950992653609 -0.0007334150847904565 -3.20531714718339 -0.18055174767541893 0.0012708960332191977 0.9835646649525953 161.0887568483549 
0.9833506979090613 -0.0016109427086876855 0.18171078910226418 15.381379885651294 0.0019343687592531737 0.999996844810979 -0.0016026861510369185 -3.2298001053277305 -0.1817076273296337 0.0019274973770365936 0.9833507115042787 161.638389664785 
0.9831220975520776 -0.0016173668576577934 0.1829435064048826 15.48120004198052 0.0021848281638848803 0.9999934072913095 -0.0029003313336096064 -3.2556636918718898 -0.1829376027570199 0.0032510789683267544 0.98311914987684 162.17984666466612 
0.9829205478873679 -0.00227368337256366 0.18401637976084895 15.594522958728165 0.0031862542019465514 0.9999840489730015 -0.0046636485485498595 -3.2792389709695238 -0.18400283414910654 0.005170317768772171 0.9829121139194655 162.7683368529769 
0.982729502546793 -0.0022043818877537148 0.18503477147233027 15.69844833998873 0.003284043105916769 0.999979324428743 -0.005528635737831122 -3.297532755813558 -0.18501875180677985 0.006040814340679214 0.9827164234282244 163.29984268741475 
0.9824518076853676 -0.002069454711775317 0.18650513151703182 15.812123529123333 0.003202491037845347 0.9999782021756445 -0.0057740161073796875 -3.31276574970353 -0.18648911025049147 0.006269972272714928 0.9824370198741256 163.88410197869146 
0.9822293277648869 -0.0012483286873112664 0.18768055446528675 15.913959874214175 0.0024815141888329755 0.9999768492755248 -0.006335853042792637 -3.326100470962733 -0.18766829345806021 0.006688991285497086 0.9822096862800204 164.41150029523348 
0.9820617542301029 -0.0009365435177328452 0.18855724581356212 16.014189263287687 0.002249510152947078 0.9999746927058196 -0.006749347000972722 -3.3494120177655304 -0.18854614601039396 0.0070524356060794775 0.9820390077586628 164.94129039866291 
0.9818500044212931 -0.0008605439734276328 0.18965713664691808 16.12633416535568 0.002160419777511467 0.9999755734991389 -0.006647181615601361 -3.3677486476022036 -0.18964677688287332 0.0069362729472239515 0.9818278804884442 165.5167456579576 
0.9816321754946098 -0.0009880785604117154 0.19078075622995777 16.22883786298281 0.002330522660571022 0.9999740800279269 -0.006812339554418146 -3.382324367879309 -0.19076907311807173 0.007131829168324018 0.9816090344467162 166.0372577297357 
0.9814462436019609 -0.000524064201243265 0.1917367922582823 16.341440094041708 0.002014574812167327 0.9999692506205962 -0.007578874286613407 -3.399121574747473 -0.19172691766384656 0.007824524333392792 0.9814171205960548 166.60354910867164 
0.9812891459356042 0.00020542778905207988 0.19253979098704718 16.441838823409036 0.0012576912050948179 0.9999712574613824 -0.007476796893603748 -3.418310873345064 -0.19253578582833863 0.007579053784089577 0.9812606829209084 167.11964395250226 
0.9811024446350965 0.00014117667584399616 0.19348895177116818 16.543074944100315 0.0013472786551353073 0.999970506809623 -0.007561109702019395 -3.437479892001054 -0.1934843055639517 0.007678905278317584 0.9810733186811498 167.63293578846245 
0.9809180998428942 -0.0003995687166536752 0.19442099426693385 16.65466547678195 0.0020569287581167672 0.999963249457906 -0.008322788854974332 -3.455779784847862 -0.19441051657343067 0.008563882800397936 0.9808828725459939 168.19567213543382 
0.9807562314179957 -0.000797161748825462 0.19523468017384646 16.757016708652277 0.002584796047051131 0.9999570380614904 -0.008901735974058382 -3.470607326349045 -0.19521918926734913 0.00923507322222747 0.9807161568196201 168.7041791241904 
0.9805738464511052 -0.0006329080311978803 0.19614926044172185 16.867294271717483 0.002435845966913116 0.9999569761337609 -0.008950562974456271 -3.489692576637691 -0.1961351493030376 0.009254475709296764 0.9805332001300036 169.26313839232964 
0.9804144860514811 -0.00016351687939156385 0.19694519568936833 16.965754927253844 0.0019517516402884274 0.9999586157681765 -0.008885800715370911 -3.5128143129354 -0.19693558510131395 0.009096154224347126 0.9803742315865 169.7711440877415 
0.9802781094312198 -3.571881805455104e-05 0.19762294453537751 17.064746317428487 0.001750618917024309 0.999962316971729 -0.008502940956796646 -3.5363497124956638 -0.1976151865823629 0.008681207765022186 0.9802412322056588 170.275612271476 
0.9801565348040663 -0.0006666527842114645 0.19822392431716324 17.175424674514424 0.002368517415245855 0.9999623448904132 -0.008348590636457104 -3.564247616318193 -0.19821088733331604 0.008652420900449181 0.9801212059736589 170.8262183984825 
0.9800666713871888 -0.0018824666210651637 0.1986599538654819 17.277734246122442 0.0036458984394248423 0.99995713241821 -0.008511216126466648 -3.5873809845710234 -0.19863540846632222 0.009065851645153635 0.9800315216734383 171.32259814831096 
0.9799816834028211 -0.002601308490381525 0.19907067766032183 17.390047849353646 0.004386455324145855 0.999954024405922 -0.008526906786264152 -3.612952181199651 -0.1990393368896606 0.009229425453093774 0.9799480387786128 171.86576009641092 
0.979875137126361 -0.0023533006938342414 0.19959754242371863 17.489450728326897 0.004174839203694797 0.9999533899569786 -0.00870566972670723 -3.6339029598187054 -0.199567744832611 0.009363755299403751 0.9798392898484679 172.35627598901786 
0.9798337168808929 -0.0017846883489472264 0.19980666525906038 17.58632050541719 0.0035996465476609814 0.9999554953370956 -0.008720661653808142 -3.6560527584185154 -0.19978220197814095 0.009264030041404664 0.979796534051472 172.84907131702826 
0.9797867490297214 -0.0023302003293191893 0.20003124236623976 17.694723417015673 0.0042037441310594165 0.9999511831085324 -0.00894203502606736 -3.676885473191499 -0.20000063343076316 0.009602165900297869 0.9797487145445252 173.38462056437504 
0.9797226350447614 -0.0031472352657572504 0.20033385789712904 17.793218770480674 0.004959981303720423 0.9999511694974137 -0.008547354330934655 -3.6950550103813367 -0.20029716764955188 0.009367687031399808 0.9796904050171134 173.87204733350163 
0.9796609805845947 -0.003210598578904585 0.20063413595243 17.902694116246828 0.004909127021288927 0.9999561980598852 -0.007968845020928195 -3.707084611779191 -0.20059975570703992 0.008791703377229534 0.9796338308633287 174.4021003088707 
0.9795906032751391 -0.003763792059730087 0.20096787100845506 18.002051776917686 0.0054623620633346675 0.9999538904433244 -0.007898078852654382 -3.724609283199496 -0.20092887041148094 0.008834641488565293 0.9795659940759631 174.88380722643856 
0.9795426598734028 -0.0037315072729061905 0.20120202453861677 18.10098926496264 0.005515671819879208 0.99995027902915 -0.008307640900156978 -3.741710028052877 -0.2011610132151455 0.009247451344561513 0.9795145379245951 175.36090224187262 
0.979467019659036 -0.003772700688673792 0.20156915803632813 18.209969862085938 0.005600287080150083 0.9999482151301111 -0.008497288242712885 -3.7581910879053595 -0.20152665472337797 0.009451657062760398 0.979437426387364 175.88428685162702 
0.9794987589240688 -0.0036676693892398653 0.2014168086525613 18.309575986467063 0.005567713286382732 0.9999451809321684 -0.00886768093050752 -3.772773910210863 -0.2013732360981475 0.009807311792831192 0.9794654843396184 176.3570427529281 
0.9796478475906404 -0.0037534453888846443 0.20068883299320217 18.418990090095846 0.005870733525488977 0.9999332041388711 -0.00995599420633476 -3.793096122813897 -0.20063805120077022 0.010931557127874013 0.9796044467372984 176.87868705290524 
0.9797355552474728 -0.0042146538243223374 0.20025104193733412 18.517677543985993 0.006532238210189539 0.9999191032758435 -0.010914066576244883 -3.8112887385989067 -0.2001888359549863 0.01200098465007465 0.9796838290618369 177.35258195623604 
0.979818031381681 -0.004242187263715896 0.1998465174592517 18.625740562464745 0.006540151363448975 0.9999198586094431 -0.010839873597877752 -3.831174720211254 -0.1997845094060516 0.01192812815678184 0.9797672520374472 177.87384861155613 
0.9799006523785528 -0.0036771028019152697 0.19945222910689636 18.723105563986525 0.006014418172814656 0.9999201491204233 -0.011114055734783435 -3.8492717582057923 -0.19939542785779935 0.012090257635421984 0.9798445221713659 178.34733683063223 
0.9799585414499433 -0.0028245480813956906 0.19918152595665536 18.82079463710555 0.005291057007763026 0.9999157634758098 -0.01185203541127537 -3.8664560451156813 -0.1991312636737732 0.012668382144688564 0.9798909380800879 178.82119413243512 
0.9799077418086121 -0.0027615305000043837 0.19943217596912913 18.93132110956422 0.005436364862953001 0.9999024525197768 -0.01286590309859946 -3.88999018771288 -0.19937718498673276 0.01369158202148203 0.979827167049907 179.34404532101877 
0.9798802433264139 -0.003018421560371793 0.19956352168868724 19.032506944189663 0.005802656819951631 0.9998938044158358 -0.013368214178799227 -3.911398798217393 -0.199501970718785 0.014257245430077739 0.9797936993201443 179.82176908895306 
0.9799007836755435 -0.003557743234991543 0.19945374884582595 19.146150345393046 0.0063715022282700975 0.9998890125719095 -0.013467241292420423 -3.9362684506429684 -0.19938369170441936 0.014467378117982923 0.9798146952605287 180.3514962127838 
0.9798695539613832 -0.0037005685564934936 0.19960451980473345 19.248956169003154 0.006485943420893716 0.9998904836522285 -0.013302380634556094 -3.960626406647921 -0.19953342617399306 0.014329219230948305 0.9797862439889662 180.83483237104724 
0.9798300926387541 -0.0034608621202980912 0.19980243570091763 19.351531640494667 0.006374063584711085 0.9998825311035426 -0.013938988494463194 -3.989590803519506 -0.1997307169015287 0.014931391585201547 0.9797370529174486 181.3209045285004 
0.9797972979669627 -0.003924101409518099 0.19995463896256052 19.46482710304565 0.006943031139335839 0.9998722222643015 -0.014399082000575759 -4.016874105526754 -0.19987257843540324 0.015496470631679771 0.9796993469274385 181.8592506422448 
0.9798022259637447 -0.0034934370812886666 0.19993847857435096 19.564954504042966 0.006470582078958729 0.9998776868488204 -0.014238785216198396 -4.045465036821739 -0.1998642738521758 0.015244909521575499 0.9797049879200491 182.35895811006992 
0.9797707058482178 -0.003429955710344429 0.2000939796418807 19.678132446639005 0.006406289867055627 0.9998782387198495 -0.014229099728592915 -4.070873592219696 -0.20002080343880208 0.01522311285597646 0.9796733810861658 182.906788355511 
0.9797142631698074 -0.0034047823189150635 0.20037058498313268 19.781699129131606 0.006439301821322088 0.9998742109153337 -0.014494751962495599 -4.095285916353033 -0.20029602174236266 0.015490959620369879 0.9796129503129188 183.40760456142425 
0.9796907153748209 -0.0027623520217030808 0.20049556841366667 19.88481391276683 0.005661658001910903 0.999887517856602 -0.013888749048267764 -4.111297954073397 -0.20043464329364322 0.014741813614975119 0.979596157239481 183.90906360302608 
0.9796900191564603 -0.003164231094817126 0.20049303064626584 19.996569834107135 0.005867111940615353 0.9998997278964549 -0.012888414725933384 -4.135589820866567 -0.20043213753428613 0.013802964204564594 0.9796103485608947 184.4651979605757 
0.9796599959866156 -0.0034812453750673405 0.2006344300582074 20.098206893368026 0.006039539466927051 0.9999080638812962 -0.012140338975576046 -4.15925023052893 -0.20057371367435203 0.013105141942217898 0.9795909550545358 184.9684810462531 
0.9795934602360514 -0.0037333323209018453 0.20095451282781593 20.20964764520441 0.006165676638710351 0.9999151001113484 -0.011479419908478202 -4.1837101164443125 -0.20089458797901277 0.012484183228419331 0.9795333114682735 185.51947340081549 
0.9795931356904761 -0.003485228941356261 0.20096055091119064 20.310575163903437 0.005863140265238655 0.9999196539791646 -0.011238738787970567 -4.204640504877191 -0.2009052276101724 0.012187649312174705 0.9795348637546389 186.01610365947474 
0.9795817482899688 -0.0028278169633823495 0.20102637441200444 20.41088377634518 0.005181014432961113 0.9999240711442222 -0.011180747168991817 -4.225428419270222 -0.20097948625878234 0.011993974469807534 0.9795220208179499 186.50999376471503 
0.9794645645035887 -0.001954590122098627 0.20160691410382064 20.51764637141528 0.004214833868751389 0.9999329844913111 -0.010782474855716604 -4.2553222115932 -0.20157232063237635 0.01141078980987832 0.9794071635501355 187.05695799473094 
0.9792795269294492 -0.001177501073847829 0.20250980964257304 20.61589534312717 0.003459371741788505 0.9999344524479872 -0.010914376372810626 -4.280332155182627 -0.20248367653534408 0.011388780164637895 0.9792194110579935 187.54790973667065 
0.9790244753462912 -0.0008619918868450868 0.2037408526438175 20.725930681298845 0.0032898002041877616 0.9999275635759642 -0.011577774999041196 -4.304201258738111 -0.2037161069950243 0.012005189846281282 0.9789563941852298 188.0839505459592 
0.9788119803502914 -0.0005506580652252499 0.20476036068608083 20.827575178438607 0.003076492613491363 0.9999230554044438 -0.012017425776672275 -4.320358066016546 -0.20473798051031436 0.012392742070900731 0.9787383602435367 188.5664908661207 
0.978602446951419 -0.0007994382560390375 0.20575862835298536 20.92691903727031 0.003395747611985169 0.9999190110731827 -0.012265408861411775 -4.342687159815018 -0.20573215122773347 0.01270166147101949 0.9785259057697955 189.04848295191704 
0.9783154184112303 -0.00016095412134672858 0.20712053891208423 21.036639384569916 0.0031353718623163933 0.9998966220857853 -0.014032628138458618 -4.367070395828628 -0.20709686104035713 0.014377734178371062 0.9782147869424047 189.57291449405545 
0.9780802935845627 0.00131284507455124 0.20822395926463752 21.135103418925596 0.0021047666178955326 0.9998667059975241 -0.016190746290600716 -4.391003303875387 -0.20821745258144922 0.016274110326585586 0.977947158199651 190.04531934403784 
0.9778549369534365 0.0022738448164952465 0.20927148252836794 21.244724662864495 0.0013230340912236136 0.9998538305372827 -0.01704603207627011 -4.412780281302298 -0.20927964579979244 0.016945417457838795 0.9777089961323788 190.56219671687444 
0.9775878151778127 0.0022519584335084003 0.21051601794483982 21.34482607593879 0.0013520744382162235 0.999855008661012 -0.01697449907579965 -4.432860854217333 -0.21052371310683105 0.016878694325357584 0.9774430286807733 191.03113431358275 
0.9773453571846152 0.0016170327820069148 0.21164460663937984 21.44604753838439 0.0017459808608357057 0.9998751905694377 -0.015702066734489373 -4.4525823690186055 -0.21164357441138953 0.015715867101746064 0.9772205520462413 191.49943953945726 
0.9771153043729102 0.0004289331328992864 0.21270989518479633 21.555255798956047 0.002613594858252008 0.9998982675318298 -0.014022259892051104 -4.478833224907953 -0.2126942625186153 0.014257300023839044 0.9770147790545696 192.0151396531394 
0.9768706984538815 -0.0011461145011386913 0.21382779628194912 21.657078149832813 0.0037710521201020377 0.9999224565295474 -0.011868452174296407 -4.501628249328364 -0.21379760491768524 0.012400296908002536 0.9767992706620154 192.4781745968102 
0.9765855493444253 -0.0021414621673747003 0.21511875906813488 21.766264512839978 0.004294570343711193 0.9999452516522301 -0.009542034472858354 -4.526924935600492 -0.2150865399165486 0.01024245381462487 0.9765412796583868 192.9848715648575 
0.9763535249021046 -0.0018810483094978815 0.21617182433854887 21.864363141006915 0.003828937195511452 0.9999557541298786 -0.008592384630038091 -4.545877005548255 -0.21614608905403163 0.00921691165482531 0.9763175278082936 193.43826001244824 
0.9761800660773958 -0.0011290576765330311 0.2169589947626868 21.96950773881004 0.0031058965975082763 0.9999567122478666 -0.008770808568346148 -4.5689456453212225 -0.21693969243502947 0.00923573898213067 0.976141316274917 193.93236652790515 
0.9759937999543692 -0.0015183803027403896 0.21779301772209955 22.06759873975277 0.0035676853410871565 0.9999529861213559 -0.009016497041263458 -4.586976416832495 -0.21776908001261597 0.009577060419197576 0.9759533319052554 194.37423400894548 
0.9757902601863442 -0.002772236525944365 0.21869084213050546 22.16688506800547 0.004862350866396305 0.9999474991873243 -0.009019782358685299 -4.605377687728121 -0.2186543477356878 0.00986476560045893 0.9757525100933945 194.80946281135053 
0.9756241183494881 -0.00397342776648666 0.2194123815347507 22.275360634610166 0.006008989573532295 0.9999448719758671 -0.008610756174645209 -4.625186674278921 -0.21936606354194313 0.009719306346382019 0.9755942105084711 195.2791707277143 
0.9754723526002793 -0.004490752171797179 0.2200761778750855 22.371750428550396 0.00651283357359115 0.9999429753271948 -0.008463401480880654 -4.6441813151980265 -0.22002561303613197 0.009689131906468078 0.9754459742334723 195.69780321659644 
0.9752422577910628 -0.005175896221525549 0.22107860669485943 22.473017546197372 0.007015073914638675 0.9999470066853833 -0.007534761566782969 -4.668337024551829 -0.22102788380048816 0.008899098959142681 0.975226885871279 196.15055323685 
0.9750449044914482 -0.004969697868803036 0.2219521073672079 22.56338246500496 0.0065728119778551974 0.9999573722955803 -0.006484735958515684 -4.686955764596729 -0.22191041079001628 0.00778175664415967 0.9750360055629321 196.55247818677185 
0.9748875737374234 -0.0045647740599036625 0.22265080970082152 22.651183957989968 0.006146138028017921 0.999960567470684 -0.00641003536633269 -4.704211824648857 -0.22261276153865323 0.007617504869820179 0.9748771872944065 196.94393178150452 
0.9747482691288387 -0.004327630869119013 0.2232646078155828 22.749245687304633 0.006057569672168158 0.9999567013090305 -0.007064093749116478 -4.719965445818511 -0.22322436182135078 0.008238152442188345 0.9747322788378714 197.3635374639921 
0.9746168574855812 -0.00471350533561202 0.22382976933402957 22.837085720660173 0.006569743101507495 0.9999499235700023 -0.007549099105068639 -4.732248445176255 -0.22378296985767956 0.00882798163748887 0.9745990187788872 197.74029058097847 
0.974426026897846 -0.004446886786457657 0.2246645165237691 22.930878434157677 0.0063910302726035385 0.9999481568832768 -0.007927064208528319 -4.749216378805571 -0.22461761026491592 0.009160173679128476 0.9744039299104865 198.15093256723335 
0.9742718489382599 -0.005118833681105631 0.22531791672321688 23.015291349966954 0.0072765697040636235 0.9999352687497765 -0.008746995076296579 -4.765902307519507 -0.2252585489790844 0.010161490758809351 0.9742460307591017 198.52009643720882 
0.9741749969111378 -0.00577064033480938 0.22572057237481327 23.10051034031985 0.008097943158510387 0.9999231601057195 -0.00938601561281721 -4.778644194532629 -0.22564905647111247 0.010971492177773844 0.9741468718293442 198.88364621087194 
0.9739575399960831 -0.0062408708271814856 0.22664457530949644 23.191299565869606 0.008515259915631089 0.9999227118960057 -0.009058734663265023 -4.791357435151959 -0.2265705157155776 0.010752758496734748 0.9739354074071701 199.27969104087845 
0.9737948049651618 -0.006500684161460701 0.227335480377628 23.274799423395216 0.00877938254112664 0.9999208341968808 -0.009013760250815636 -4.80394332380423 -0.22725887927643523 0.010773416149709072 0.9737747858163115 199.63562158793647 
0.9735972984492017 -0.007228359553415105 0.22815795622444465 23.364676256908595 0.009507163282809272 0.999915284335656 -0.008890337261523409 -4.823227527201422 -0.2280743567900996 0.0108247413728432 0.9735835408082323 200.026893898525 
0.9734507072448069 -0.0074152499495669 0.22877660798090202 23.444751919979023 0.00961735465777147 0.9999175214908794 -0.00851215618398103 -4.837579338368706 -0.2286946107130253 0.010486388354819255 0.9734417336777972 200.381156884318 
0.9732495742103846 -0.006925935664043916 0.22964603079247614 23.522641646953407 0.009062086724019654 0.9999249168882393 -0.008248591553235441 -4.851911534367424 -0.2295716506608582 0.010109008620539754 0.973239263141877 200.73126050349583 
0.9730358046859032 -0.006397686050101501 0.23056537939513347 23.60624424144496 0.00848660988655723 0.9999314286846658 -0.008069415603754161 -4.8668339406044785 -0.2304979352255104 0.00980854691791579 0.9730233771159177 201.11129159196827 
0.9728750408907955 -0.007075424058144371 0.23122304157434753 23.683223922513587 0.00916729114983433 0.9999261869458453 -0.007973802432551323 -4.8795700211712125 -0.23114954782675423 0.009877200485159577 0.9728680925947689 201.45774770941415 
0.9726085677252168 -0.0075305427297840495 0.23232706836925482 23.766359200359943 0.009708075639611709 0.9999190008276779 -0.008230744130149485 -4.895113325183074 -0.23224625962182982 0.010260739144436945 0.9726028944244111 201.83975191375143 
0.9724422450787654 -0.007421305803294045 0.23302576252854185 23.847302349032557 0.010170427467556876 0.9998921147698205 -0.010598176100431329 -4.9091773519086725 -0.2329219616742116 0.012676083659695312 0.9724128108816915 202.1886383054518 
0.9722610474414094 -0.00702065395230434 0.23379300215696028 23.927217901403612 0.01025422684830169 0.9998678065748202 -0.012618253698545518 -4.926282923234576 -0.23367349932144102 0.014665600714910723 0.9722045124045633 202.54747708303884 
0.972018211001013 -0.006433340216024601 0.23481740022572808 24.022279102337933 0.009968591394961942 0.9998540948616805 -0.013871420130442923 -4.941862884943994 -0.23469389100940544 0.01582406925034115 0.9719405199908098 202.95231990386662 
0.9717984924516033 -0.005639597941162855 0.2357453856555469 24.10668503794802 0.00925852214016633 0.9998556428574831 -0.014246870955052657 -4.964401164752828 -0.23563099888097375 0.016027739120857937 0.9717104208419387 203.33710219375558 
0.971591780905383 -0.006411709762929623 0.2365762099560429 24.20891486059631 0.00994679625349427 0.9998559590439381 -0.01375218275016016 -4.986595513198017 -0.23645394963861482 0.01571468064940726 0.9715156079695614 203.77081762268378 
0.9713664223285967 -0.00679204465454263 0.23748924939147464 24.303280844983345 0.010402286701369844 0.999848557660629 -0.013951856576983088 -5.009805587458008 -0.2373585131471738 0.016022793795025747 0.9712899692236042 204.1780937054883 
0.9711351833818949 -0.006955231173735248 0.2384283587291159 24.402449290055014 0.010694123549622772 0.9998392482885119 -0.014391436152342781 -5.0288154962551666 -0.23828992647721786 0.016525809784676257 0.9710534519428669 204.5934199116929 
0.9709199423047093 -0.005820864979539085 0.23933362713748293 24.508522198414596 0.009708948272923247 0.9998393076375444 -0.01506968321527856 -5.0510157634705894 -0.23920744070641997 0.01695513118888881 0.9708204374642504 205.06493007100215 
0.9707539483033871 -0.005066268024302604 0.24002313786753382 24.608597068311646 0.009140722982273567 0.9998323600112944 -0.01586503017852126 -5.07250144081598 -0.2399025151154245 0.017595023055956525 0.9706375205759916 205.50711719541354 
0.9705073768784195 -0.004841279658748802 0.24102281092158298 24.725602779892498 0.009042068908980593 0.9998258349103821 -0.016326082262443028 -5.100215269565827 -0.2409017852135156 0.018023925446701627 0.9703821236591748 206.00546349529938 
0.9703106323880044 -0.00592746374351413 0.2417894617268918 24.839563949018054 0.010131078477833557 0.9998183192832206 -0.016145891407995872 -5.123064623286088 -0.2416498202111806 0.018116115412653948 0.9701943973584017 206.4678558858287 
0.9701213926421787 -0.0066879615486632885 0.24252784720339818 24.958167733790393 0.010888348114017196 0.9998129772892571 -0.015982942778910353 -5.143665521692706 -0.24237558680706806 0.018146119627367167 0.9700127788648315 206.93830467310232 
0.9699456646696641 -0.008141059747397603 0.24318538750460075 25.09103120825969 0.012415197773757844 0.999794138246534 -0.016048182027677372 -5.17035420366409 -0.2430046668256663 0.018585056510251483 0.9698470629228726 207.46664401328766 
0.9698183081250542 -0.007874338340115958 0.2437015510683962 25.211296704590275 0.012153104791916388 0.999797187497012 -0.016058831495267937 -5.194527175592518 -0.2435256637558706 0.018535876527729755 0.9697173146075201 207.95866678404818 
0.9697053459698922 -0.007232747294894375 0.24417049647515846 25.342289137649768 0.011335691688573154 0.9998171146164286 -0.015402582757196654 -5.22294074680084 -0.24401442933903297 0.017703805640778267 0.9696099893326503 208.5113893192057 
0.9696368080772324 -0.006400391025113192 0.24446573873002125 25.465179754048904 0.010399086136940565 0.9998323680056945 -0.015069672440488418 -5.245064301202092 -0.2443282977134169 0.01715432674569705 0.9695408242473603 209.01868861947935 
0.969575280608729 -0.0068343935909617355 0.24469791232008836 25.599430098813535 0.010801949959012269 0.9998310007495235 -0.014875750457320813 -5.268471630297559 -0.24455488287343163 0.01706637192311361 0.9694852479954006 209.5835458421629 
0.9695133005267703 -0.008387231947385011 0.2448951131211246 25.72720542966598 0.012429190668730208 0.9998107785109323 -0.01496404162593232 -5.28912040669016 -0.2447232578565971 0.017551682785486623 0.9694340943858394 210.09900582445044 
0.9694486631189819 -0.008123014331119392 0.24515976058536434 25.850640045503216 0.01219511751469665 0.9998116696489565 -0.015096505894594601 -5.312134777326138 -0.24499095145950658 0.017625036883854747 0.9693651477306544 210.62150862693812 
0.9693276099609269 -0.007444849248443035 0.24565944068207246 25.988186575688186 0.011460748110179973 0.9998229795371774 -0.014921829060195763 -5.335918071969243 -0.24550485418119894 0.01727957923977258 0.9692413427858382 211.19677748217393 
0.9692468358052335 -0.006457652312788407 0.24600583739154913 26.111915418821887 0.010325312246371357 0.9998424942654627 -0.01443519020343231 -5.362549755382612 -0.24587386362720262 0.016531346959885066 0.9691608512532788 211.7210580713773 
0.9691559427358678 -0.006941653566064259 0.24635051071687483 26.253999061215627 0.010785913744914357 0.9998401611466794 -0.014258904383111328 -5.386753538757939 -0.24621214495196578 0.016476214729208464 0.9690759061446461 212.30091551093 
0.9691928048270915 -0.007147677734529149 0.24619955279237118 26.379000480315913 0.01106163646346351 0.9998334174003812 -0.01451818801264985 -5.410702510614559 -0.24605475989865772 0.01679429072925694 0.96911041928895 212.8354079301234 
0.9691230553219508 -0.007003182838692246 0.2464781148505494 26.510130578606585 0.011072223954179047 0.9998242793529613 -0.015126678781976738 -5.435545851262908 -0.24632885964437592 0.017388671401732496 0.9690303013056635 213.3763373841817 
0.9690841311238703 -0.006189205452972232 0.2466528787093055 26.652014345877483 0.010271918359961144 0.9998306551131457 -0.015269214809981892 -5.464598456843145 -0.24651659597688885 0.01733074936216523 0.9689835967997555 213.97869149319243 
0.9690449319855862 -0.005757631614937076 0.24681728365964595 26.784047035505083 0.009939669542675481 0.9998273214295231 -0.015701287316565293 -5.490446020220056 -0.24668425234764377 0.017668532463567962 0.9689348277523259 214.5332957800709 
0.9689577494222353 -0.006041672455205881 0.24715254413861246 26.933534156560707 0.010522747015622601 0.9998032619544401 -0.016813962117633488 -5.518884608759619 -0.2470023263337981 0.018892739789275588 0.9688306936620615 215.15150707185015 
0.9687537901396608 -0.006234704585319403 0.24794601147605647 27.07742691793824 0.01094310807645501 0.9997849396405225 -0.017615987144168344 -5.545537672242228 -0.2477828485654231 0.019778851421164884 0.9686136767492577 215.72773780073396 
0.9685449740447603 -0.005345665669318017 0.2487811471765978 27.22616884610634 0.010182219138070285 0.9997832767806053 -0.018158249613801542 -5.571579830305725 -0.2486301534860855 0.02012022262887224 0.9683894987006805 216.3146992891555 
0.9682987269344234 -0.004623075549333897 0.24975228665882732 27.396984821276714 0.00963784819150589 0.9997756848549527 -0.01885979851505512 -5.601281888610582 -0.24960906402018126 0.020668990527512525 0.9681260794663519 216.97275420791226 
0.9681332330275713 -0.00483803909576552 0.25038897459087944 27.558133239153268 0.010027470543110656 0.9997604687767477 -0.019453921390556628 -5.625618589832968 -0.25023487061088673 0.021344752817603244 0.9679498482847447 217.58105604737634 
0.9678845372034346 -0.005251518698193977 0.2513402998309656 27.73639457314671 0.010420702980656888 0.9997605879612259 -0.01923995485042538 -5.657688745378138 -0.25117907775010123 0.021241194354741963 0.967707538610656 218.26533516350787 
0.9676751743329133 -0.005082126656825598 0.25214862900539337 27.8997850221898 0.010022574836323017 0.9997820687853026 -0.018312920965278465 -5.690140583101969 -0.2520006001341077 0.02024813453725002 0.9675152238046032 218.8991238903634 
0.967408278216829 -0.005078465697241256 0.25317076170620406 28.063942656636602 0.009682350978317732 0.9998095876857477 -0.01694227216819856 -5.72349608187451 -0.2530365048648423 0.018841379705242432 0.9672732433611336 219.5403481713763 
0.9670967779668938 -0.0058666054727067535 0.25434112361301753 28.249046003755474 0.009870940693760391 0.9998465725066624 -0.01447052524753259 -5.752019302426288 -0.2542171985321335 0.016504981909469585 0.9670063077579946 220.2509338363901 
0.9668682261444141 -0.007242085986506873 0.25517325024804466 28.41570828075344 0.010774265410875996 0.9998644821934871 -0.012447191489053388 -5.779051520417194 -0.2550485167759018 0.014784095871829083 0.9668152265543156 220.89968544428592 
0.9665902197024173 -0.00813837573838687 0.25619741647205413 28.60123994707553 0.011348988317595446 0.9998744770827566 -0.011055797803371714 -5.804564116512852 -0.2560752722329541 0.013594005224442431 0.9665612529267742 221.606084791311 
0.9663549533253062 -0.007857759736869445 0.25709212746590543 28.760269257782937 0.010899388186372191 0.9998864322289691 -0.010407982395340933 -5.830543303753157 -0.2569811372758148 0.012859950020866642 0.9663308514398943 222.25495275956013 
0.9661357706790106 -0.007677168080541224 0.25792001847586343 28.92467688608937 0.010710819386586034 0.9998889787700929 -0.010358986258278472 -5.853589407754196 -0.2578118467846583 0.012770719694608334 0.9661107379777862 222.8968544250994 
0.9659004710661181 -0.00820627412523418 0.25878357617296127 29.109532811019477 0.0113512392125936 0.9998787390770739 -0.01066098639234569 -5.874990273602837 -0.2586646994128105 0.01323496379382277 0.9658764965835667 223.59813447936082 
0.9656805173264399 -0.007203064284169928 0.25963292661348153 29.27573996660461 0.010398537877984598 0.9998861275428232 -0.010936291469369483 -5.897462090710312 -0.25952457728510514 0.013260764158257882 0.9656454543694684 224.23110372527734 
0.9653971452843015 -0.006470760304746769 0.26070382318642216 29.45706697067295 0.009621718810634776 0.9998952575021647 -0.01081187580127733 -5.922960154194771 -0.2606065458439891 0.012946170674647707 0.9653582871325943 224.92643068768643 
0.9651497411658488 -0.005832025175121654 0.261633267987396 29.623438698033475 0.00896183911374449 0.9999018302290624 -0.010771046608747574 -5.94883664730959 -0.2615447569456365 0.012740385880394499 0.9651072584294328 225.5565390753176 
0.964913385851946 -0.006764668165423456 0.26248123625342207 29.79208423278015 0.009897473813955995 0.9998946749569394 -0.010615041826372627 -5.9738242093708065 -0.2623817735900515 0.012840494878172072 0.9648787095558309 226.18141538958088 
0.9646597109658516 -0.007173449166350689 0.2634011882987815 29.97662309360784 0.010111584318948008 0.9999008468018485 -0.0098006394869055 -6.002678879945016 -0.2633047572279979 0.012117683216514227 0.9646365969300831 226.86669545842093 
0.9643623594811555 -0.0078846340857924 0.264467530155857 30.14411605204166 0.010590450933934013 0.9999051357527972 -0.008806926340056935 -6.027343478297162 -0.26437299260347535 0.01129389658368985 0.9643543779280563 227.48574250902914 
0.9641842072898982 -0.007098328968513584 0.26513851191892435 30.324549193901543 0.009760234998627201 0.9999143153006531 -0.008723529648686286 -6.06055391204085 -0.2650538614514883 0.010998901647510701 0.9641708729412505 228.16603847000314 
0.9639987032163357 -0.007937932104901327 0.2657884342875244 30.490988978019036 0.010498763425584803 0.9999111374036336 -0.00821543469473479 -6.087698909727767 -0.26569959238077673 0.010710116256892053 0.9639963783874099 228.7815100472778 
0.963822547732288 -0.009526505446559247 0.26637444424263157 30.65665271051837 0.011822345349769555 0.9999054954664082 -0.007016580266083815 -6.113638527575211 -0.26628241744692255 0.00991190699165338 0.9638440878988344 229.3958340741934 
0.9636854348997116 -0.011612588799263194 0.2667874298080404 30.872126881056072 0.013984138172367615 0.9998777767213696 -0.006991110763098621 -6.1445445679547745 -0.26667362754807605 0.010468021889612777 0.9637300422818758 230.1860396636254 
0.9635951461216412 -0.011647189794514404 0.2671118486825646 31.002199638364168 0.014088285721265385 0.9998746576707663 -0.00722421527151353 -6.16418143199853 -0.266994216711189 0.010724364779036053 0.9636384559282932 230.67075405189465 
0.9634720914582077 -0.010704221562643099 0.26759475145170364 31.18131167491828 0.013351246482316712 0.9998782677758441 -0.008074278677076541 -6.188819244701224 -0.26747573791668183 0.011352063547670634 0.9634977206861013 231.33329973771401 
0.9634253188122495 -0.009928286931543198 0.2677929920341726 31.34311436387715 0.013013320624320434 0.9998678084386592 -0.009747782646271474 -6.214239798127805 -0.2676608035025841 0.012876134413629527 0.9634271622215669 231.93435004266829 
0.9633636976709048 -0.010719923662942402 0.2679840884015125 31.508864624756065 0.014266712809777024 0.9998344703086391 -0.011291281490521412 -6.236663078372015 -0.26781867761420436 0.014700860271573753 0.9633571705701446 232.52666926741006 
0.9632851257499911 -0.011227179373815467 0.26824563247694416 31.689654858363294 0.014849406968421531 0.9998238561367502 -0.011478326013858717 -6.261984119446357 -0.2680695036308022 0.015040186802786255 0.963282166064385 233.17423613292107 
0.9631893588081863 -0.011176843786545418 0.2685913990422238 31.848720664330468 0.014539628362647281 0.9998388028863249 -0.01053411595087213 -6.282572327096984 -0.26843035490721445 0.014051565132502877 0.9631966027426339 233.75358731958792 
0.9630399248418172 -0.011589045361559263 0.26910927072969065 32.01707400753864 0.01439347898866984 0.9998607001647523 -0.008450335414252896 -6.308069123776049 -0.26897384271166597 0.012011426843146208 0.9630725803477954 234.37705930961405 
0.9629941062046284 -0.012104800120480609 0.26925049235259885 32.16604416177641 0.014502422022574402 0.9998709065110175 -0.006917384202742778 -6.330218754689755 -0.26913199049289854 0.01056618246135147 0.9630453389860241 234.9233221906188 
0.9629498971835231 -0.011749864150954867 0.26942427250675394 32.32325952072492 0.014184025175841738 0.9998742674496987 -0.00708963012205469 -6.354979107084093 -0.2693070850875608 0.010648477226299972 0.9629954835365311 235.501917598018 
0.9629585838177218 -0.011032330211481608 0.269423562363663 32.459826954209426 0.01337917657800785 0.9998868539576956 -0.006875830293901258 -6.3747362000577965 -0.26931721189797314 0.010225803225821985 0.9629972324900422 236.00784854508967 
0.963139023372466 -0.010226001880583046 0.26880969653675707 32.59119274109183 0.01239394414723323 0.9999029075548553 -0.006369122937649064 -6.392968408265348 -0.2687184566826208 0.009465961299137494 0.9631722504776119 236.49370944105908 
0.963468006660585 -0.009523463123120246 0.2676540793349417 32.72651319609786 0.011525393332511881 0.999916118503227 -0.005909430776683842 -6.4171989065591415 -0.2675753401085275 0.008778364194678683 0.9634969513126258 237.00764402130292 
0.9637008283426911 -0.009450969252792716 0.266817156512668 32.84492637009503 0.011358310088234473 0.999919777095405 -0.005606092150671745 -6.432446483646371 -0.2667427589369121 0.008433185850360228 0.9637308646347477 237.4518692680857 
0.9639076224496235 -0.010524223923219554 0.2660288301081765 32.96974497277027 0.011998817175692782 0.999920334759224 -0.003918242748509302 -6.451770253256704 -0.2659663907023279 0.006968853700109404 0.9639571108901243 237.91566488038953 
0.964143517558189 -0.010986421852951605 0.2651538768708284 33.07817535663077 0.012144424148118572 0.9999225319541146 -0.0027282147734639535 -6.4691760226109905 -0.2651033529440108 0.005850530202823613 0.9642022511468651 238.3145376681016 
0.9642794959208856 -0.011353426250057603 0.2646434502886047 33.18107532127268 0.01252518934926502 0.9999178009632161 -0.002740630461465993 -6.4824195237790505 -0.26459057166826633 0.005957441544760586 0.9643424370243773 238.69378844937555 
0.9644449179067335 -0.010543998394991082 0.2640735252523406 33.28559889896235 0.011507759118313757 0.9999315723338987 -0.0021029089848710776 -6.496490816229873 -0.2640332726348938 0.005067032954388335 0.9645002611223084 239.09133666934034 
0.9645730403863993 -0.01036641799609784 0.2636121951805691 33.3760688949724 0.011009723661264745 0.9999389273457844 -0.0009631474703868973 -6.509467921202245 -0.2635861017025273 0.0038313221872273255 0.9646282628866554 239.43341054388657 
0.9647699799215866 -0.010828518505947833 0.26287189146394435 33.47228964601103 0.011235377830439743 0.9999368802015155 -4.458398401892505e-05 -6.520339271924947 -0.26285480670168565 0.00299647707924307 0.9648307464712679 239.78421911056475 
0.9649322128849491 -0.011349969735658558 0.26225370350299315 33.555542099825665 0.011634116733710502 0.999932211307249 0.00046926592579059454 -6.5290809233754645 -0.2622412422817485 0.002598279203059714 0.9649988484045667 240.0833641429783 
0.9650583585644602 -0.011376130186272818 0.2617879876829172 33.63294441203624 0.011746515904923208 0.9999309960959746 0.00015001538653477013 -6.537809322049226 -0.2617716203604839 0.0029303219368970535 0.9651253958035544 240.36501111930204 
0.9652434445987712 -0.01013204220158526 0.2611559623028481 33.70767375576406 0.011065631189413002 0.9999365592711557 -0.0021045977644049774 -6.554970102603161 -0.26111806099815776 0.00492130333522869 0.9652943264285949 240.66296234131266 
0.965470350815063 -0.00919999238693552 0.260350463982538 33.77433389912684 0.01090132283308238 0.9999276162663183 -0.005091511248761735 -6.569655066946754 -0.26028476749254464 0.0077538659009135195 0.9655007586831768 240.92549761385388 
0.9657373718189152 -0.008411315920985117 0.2593850047398221 33.84580246984076 0.010615901130207973 0.9999184455420578 -0.007099648568874884 -6.5852487621631415 -0.2593041238918136 0.009609999620554381 0.9657479054551622 241.2134586708161 
0.9659290683483444 -0.008442684123667553 0.2586692062040159 33.911189868648755 0.010817050598569768 0.9999114042037032 -0.007757271779409635 -6.597431901731805 -0.2585807875705266 0.010291010233369308 0.9659348161591036 241.4741814453666 
0.9661438546957789 -0.008584088250984358 0.2578611403068288 33.974962309781034 0.011025939930113334 0.999907009172861 -0.008025070970750182 -6.609685300394398 -0.2577682642629862 0.01059653245550941 0.9661486599444545 241.73482001365446 
0.9662609831318051 -0.009129933709132808 0.25740310602808136 34.04217724558268 0.011620520213896077 0.9998992146060743 -0.008156240200105353 -6.623018436556078 -0.2573026882320045 0.010872212654705527 0.9662696928400514 242.02123336230073 
0.9663754527786788 -0.009570293135923074 0.25695699241276876 34.10439186949371 0.012098556304212058 0.9998926924330698 -0.008260064948659104 -6.633471595793532 -0.2568503583651464 0.011091130607846982 0.9663875402327783 242.27716678864905 
0.966364014398296 -0.008968893105609029 0.25702169720093354 34.16851956513719 0.011661468316826656 0.9998919147740303 -0.008953716738938383 -6.64606848331496 -0.256913602645355 0.011649797935829256 0.9663641553094973 242.55539355221296 
0.9664009664315956 -0.007547902852404676 0.25692840141050816 34.22756488204159 0.010369460428764084 0.9998998753970709 -0.009628789112013796 -6.657313693721023 -0.25682999001549095 0.011969477868469058 0.9663824737188809 242.80726694181504 
0.9664449140260476 -0.007049499095627723 0.25677720873441306 34.29412745081468 0.009883956058690116 0.999903621601593 -0.009749616677199091 -6.671072184108511 -0.2566837216740589 0.0119604399745452 0.9664214466725763 243.0831495087144 
0.9663686883730475 -0.007517535603579486 0.25705067010573973 34.35625368822926 0.01029548310874617 0.9999022240243756 -0.009462849773816707 -6.683464353872499 -0.2569543900357535 0.011791060447761135 0.9663515975132906 243.3301676001085 
0.9662872920129404 -0.008168223189128746 0.25733665039341747 34.41808177168274 0.010921803707762065 0.9998973600596185 -0.009272737539570397 -6.69836856982415 -0.25723448619468636 0.011770706721415301 0.9662773241942801 243.5727986028445 
0.9662426580165476 -0.007564060151649495 0.2575226456888658 34.486172416029525 0.010262312442634137 0.9999056115302222 -0.00913526569971343 -6.712764427535207 -0.25742922942526336 0.011469659185078132 0.9662290807207868 243.83863746998998 
0.9661950687307915 -0.006367327869598967 0.25773348352193576 34.547210483035194 0.009133544649588583 0.9999128079150172 -0.009537034506214105 -6.72696446098637 -0.25765027637323207 0.01156865390172196 0.9661689805628809 244.07869821275625 
0.9661331432553902 -0.005283842313651315 0.2579899857721922 34.61573317297181 0.008073925675150303 0.999919808446652 -0.009756458868816166 -6.740905989965919 -0.2579177361524013 0.011509028161567408 0.9660983290092516 244.34312722351746 
0.9660967491935334 -0.00603145130262367 0.25810985071180775 34.68109062060771 0.008992088905659659 0.9999066092772168 -0.010291509122724973 -6.755947979337695 -0.258023663490932 0.012263538072733554 0.966060760186379 244.58126111696242 
0.9660572975349716 -0.006840722999772584 0.25823730293318387 34.74626275182718 0.010013610688801572 0.9998896494891648 -0.01097344776864027 -6.768971079688364 -0.2581337305708676 0.013186864858001222 0.9660191930745073 244.81866642739428 
0.9659219843772707 -0.006909030036741329 0.25874115955386656 34.816366110336695 0.010052301221528701 0.9998908547309089 -0.01082727924828997 -6.781325150885364 -0.25863810373747603 0.013059248887543246 0.9658860103328172 245.07796493377458 
0.9658025473738441 -0.006187103115341924 0.25920486396236175 34.87796030162925 0.009333747394296491 0.9998969142531778 -0.010910643016224927 -6.792269193670255 -0.2591106289004571 0.01295687730758562 0.9657607358741906 245.3119121806936 
0.9657408208745832 -0.005841784474084942 0.25944275422154855 34.94374869245967 0.0089671051787025 0.999900772840582 -0.010864418931093408 -6.808108189694012 -0.25935353339065614 0.012818661100608576 0.9656973771719383 245.57025990306337 
0.965666162499625 -0.005958451016096151 0.25971785024591115 35.004636872097244 0.009113707025876393 0.9998985542311833 -0.010946309578481911 -6.821254358257349 -0.2596262704395007 0.0129374709264424 0.9656225034501473 245.80228569507128 
0.965587362360631 -0.006114034656555614 0.26000705087642895 35.06593991338825 0.009219322051307318 0.9998999817239873 -0.010725239021023288 -6.832385500343375 -0.2599154614464675 0.012753241778146008 0.9655471533522553 246.0326210162438 
0.965516347489164 -0.006271767053744545 0.26026688215874355 35.132521763094935 0.009321293686027628 0.9999015918578928 -0.010484282844796931 -6.843845899993882 -0.26017550529999706 0.012548768327156637 0.9654797939228127 246.28452734152003 
0.9654305070761143 -0.006598494425400864 0.2605770484152529 35.19375874858504 0.009657375398300874 0.999898654129659 -0.010460242615624877 -6.8540911157012046 -0.26048160864456704 0.012615125504822581 0.9653963889399219 246.51251407638756 
0.9653915764565006 -0.00570250687723088 0.2607423782481954 35.25776528054139 0.008725758565591431 0.9999074437718052 -0.010438636150550561 -6.8703940644440555 -0.26065870900768706 0.012352544271853725 0.965351982273091 246.76437334108914 
0.9654223254009582 -0.004728157140343343 0.2606480010380826 35.31564689509899 0.007970228925809082 0.9999034476289692 -0.011382924294332712 -6.885193425616858 -0.26056900508710296 0.013066751229092299 0.9653667962011273 246.99089465006867 
0.9653909801701795 -0.004280998806452151 0.2607717982421506 35.37504719575822 0.007699572014518804 0.9998972779435619 -0.01208926165817387 -6.901127938824927 -0.26069324759185114 0.013678693088535018 0.965324775200889 247.21537650561865 
0.9652905930382807 -0.004737724224942831 0.2611352662272794 35.44129847485045 0.008221998957397834 0.9998911386472669 -0.012251925907067831 -6.913058463587561 -0.26104878290815803 0.013973720366800432 0.9652244638808345 247.46046360005974 
0.9652497498350493 -0.004720935470198738 0.26128650083997595 35.499928225652965 0.00825197262018062 0.999888835939249 -0.012418567288659909 -6.923824818286968 -0.2611988183760118 0.014143145657287633 0.9651814059019065 247.68251769818968 
0.9652483649543229 -0.004250655189487525 0.2612996903875035 35.56237771916837 0.007820216446346893 0.9998897518711296 -0.01262253606375466 -6.936726802060484 -0.2612172189958293 0.014227300062430032 0.9651751892900174 247.92738242886384 
0.9651961872350777 -0.003591198088034409 0.26150224810641265 35.61851209802215 0.007161031103183027 0.9998937138188652 -0.012699637507156723 -6.948950818392249 -0.26142883756909596 0.014130265071906603 0.9651193170178316 248.1500450017226 
0.9651136081377919 -0.003824528264948828 0.26180354981606085 35.682889251517985 0.007413639971423719 0.9998915774837809 -0.012722865844737625 -6.95873265835652 -0.2617264958969786 0.014219925851106902 0.9650373218859762 248.39004512275991 
0.9650932033993915 -0.004135764164759107 0.26187402798228654 35.74058288001526 0.007732531246793382 0.999889379823284 -0.012705753642234682 -6.9669875618220365 -0.26179250186809694 0.014287183209371203 0.9650184246627104 248.60705923136322 
0.9650850603499509 -0.004275277551398032 0.2619017957466277 35.7974833080407 0.007947816019639368 0.999884364915438 -0.012964918803176106 -6.9769947592849535 -0.2618160725195233 0.014593794323070057 0.965007441894717 248.82362736076385 
0.9650605595329916 -0.004035408660794521 0.2619958668345248 35.861950855989015 0.007838459297413404 0.9998785214032744 -0.013472234224051053 -6.987364999192536 -0.26190966440413627 0.015055163379010549 0.9649749568341326 249.0589799681276 
0.9650062437459802 -0.003683207764175662 0.26220104089361806 35.918386285414485 0.0074542182956562125 0.9998825787077195 -0.013388932952140789 -6.9945185471801095 -0.262120929110602 0.014874905252178914 0.9649203870179556 249.27086162792529 
0.964914768771479 -0.002880641102869552 0.2625475066714837 35.97612754945243 0.0063732977267444875 0.9999021554411 -0.012452337395172043 -7.00024970807871 -0.2624859375274088 0.013688735365931272 0.9648387164144434 249.49922009489515 
0.9648709890684257 -0.0022263574200284764 0.2627147124548979 36.025447079834635 0.005264227221607014 0.9999271705726595 -0.010860089002710516 -7.006677119263171 -0.26267139106979204 0.011861572624491706 0.9648124382407175 249.69954482560814 
0.9648092969099297 -0.0023871079168621303 0.2629397738428917 36.0735858853828 0.005010334502082008 0.9999441414863133 -0.00930647722337548 -7.014290793134303 -0.2629028612666638 0.01029638999265908 0.9647673644311342 249.89216830509503 
0.9647419886478265 -0.0030399833223219296 0.26317989322475993 36.12547613302735 0.005440394660591828 0.9999499825225517 -0.008392533717659564 -7.021147517799798 -0.2631412068758017 0.00952843025706829 0.9647102735231481 250.09258762758787 
0.9647412886748359 -0.0038535935373618787 0.2631718033786714 36.171667908363446 0.0061135200066420965 0.999951133233549 -0.007768917844454879 -7.0252208165817756 -0.2631289951813748 0.009103900043790573 0.964717704036632 250.2617371991847 
0.9646427891966943 -0.00395274830090612 0.2635311506983788 36.2165033456688 0.006047124100435857 0.9999562490659734 -0.00713668745546248 -7.029496745478071 -0.2634914018337024 0.00847795787369411 0.9646244880623074 250.4342564583576 
0.9645839323963444 -0.003348438574048283 0.2637548628690273 36.250885038425835 0.005293347161021845 0.999963787737095 -0.006663613630168138 -7.0336142432451805 -0.26372298940081085 0.007823758968525127 0.9645667272074369 250.57987311858062 
0.9645848885744693 -0.0030064458322465186 0.26375548598041787 36.28000064635069 0.004807850176401456 0.9999693171088954 -0.006184615464665185 -7.038482213647159 -0.2637287898836667 0.0072336818135657135 0.9645697469936487 250.71338291096535 
0.9645198264385537 -0.0032916789444399166 0.2639899081908183 36.310400934151914 0.005013665559870877 0.9999703230650485 -0.00584946138255493 -7.042825075291344 -0.263962809618407 0.0069654769497278154 0.9645077059555625 250.8386157660473 
0.9645116382010496 -0.003922335942678341 0.26401120699959635 36.3364340940112 0.005753614474052073 0.9999644530221565 -0.006163495034013818 -7.048162954024807 -0.26397763728577317 0.007463779704528968 0.9644999204671759 250.935904884586 
0.964520199598328 -0.004239421815438164 0.26397502577413545 36.35926528925877 0.006309335261457292 0.9999556370060173 -0.00699402415823073 -7.052388497350301 -0.26393365481554737 0.008411382728999658 0.9645041586576149 251.026451377063 
0.964482795917264 -0.0046140652087055456 0.2641053750771087 36.374295196793916 0.006812523724231024 0.9999493476064322 -0.007408900921719308 -7.057054674644647 -0.2640578027313382 0.008944979767712557 0.9644653761125948 251.10137802104217 
0.9644637271737282 -0.005387162639354831 0.2641603675858228 36.38920675134058 0.007659108704756558 0.9999420038024923 -0.007571470377296771 -7.062667953985882 -0.26410424891844103 0.009325639630519522 0.9644490529375408 251.164180332344 
0.9644397269709359 -0.0064351623952137865 0.26422453345011027 36.40294071863217 0.008713431374435346 0.999934274336814 -0.007451389598910771 -7.069689139140185 -0.2641592065835971 0.009488716592281995 0.9644324110045445 251.22204233012712 
0.9643901886968791 -0.007013750779540275 0.26439057017180306 36.412356291507116 0.009245086782445209 0.9999313693884586 -0.0071961777167866515 -7.07402087321152 -0.2643219430505457 0.009384235064136085 0.9643888448718441 251.26152191709386 
0.9643803440374462 -0.007096574744254851 0.264424267062802 36.418031933733204 0.009354507914209833 0.9999297389461766 -0.007280827174019252 -7.078610239025324 -0.26435400976157103 0.009495043614711589 0.9643789707513978 251.29366569368264 
0.9643602994259362 -0.007001523047707291 0.2644998939864478 36.41949774079403 0.009257444034361626 0.9999306231154745 -0.0072834591135646064 -7.081130514449429 -0.2644305388590522 0.009472469880164857 0.9643582114492311 251.31088291639546 
0.9643484258925826 -0.007092767292094421 0.2645407501377327 36.4178696010258 0.009319146991973568 0.9999309276541878 -0.007161948821394248 -7.083438468747878 -0.2644716700080854 0.009371906321113952 0.9643479147544746 251.31724940154942 
0.9643607838981598 -0.006646102866956615 0.2645072969721261 36.41405499241765 0.00912503747445672 0.9999251994130486 -0.008144284032386873 -7.088996988799066 -0.26443337427678504 0.010267665152685486 0.9643492952104435 251.3173889601512 
0.9643850885629679 -0.005713949104953769 0.2644404547419183 36.4105602949103 0.00868203017334956 0.9999117395808048 -0.010056614550834004 -7.095038132833701 -0.2643596424847925 0.011994326967394628 0.9643495803333747 251.32051424026267 
